chr10	84026	G	R	55	A	32	9	9	G	29	3	5	14	0.275000	1.42857	1	81
chr10	84541	C	M	45	C	27	5	5	A	25	3	4	9	0.285714	1.11111	1	4
chr10	284953	A	G	76	G	33	26	26	A	0	0	0	26	1.00000	1.00000	1	9472
chr10	313283	A	R	99	G	32	15	15	A	28	8	8	23	0.162302	1.00000	1	28330
chr10	363048	T	Y	99	T	26	12	12	C	30	10	10	22	0.461435	1.00000	1	14012
chr10	377060	G	A	55	A	33	11	11	G	0	0	0	11	1.00000	1.00000	1	7654
chr10	384714	G	A	74	A	33	18	18	G	0	0	0	18	1.00000	1.00000	1	552
chr10	418503	A	G	34	G	34	4	4	A	0	0	0	4	1.00000	1.00000	1	7377
chr10	434997	C	Y	73	T	26	5	5	C	26	4	4	9	0.682540	1.00000	1	64
chr10	435061	C	T	36	T	30	16	16	C	0	0	0	16	1.00000	1.00000	1	64
chr10	449940	G	R	95	A	31	7	7	G	33	4	4	11	0.768182	1.00000	1	8808
chr10	1036712	G	R	99	G	28	18	18	A	28	16	16	35	0.191895	1.00000	1	3654
chr10	1042950	G	R	99	G	26	10	10	A	28	7	7	17	0.650221	1.00000	1	3360
chr10	1051649	A	R	54	A	33	4	4	G	34	3	3	7	0.714286	1.00000	1	1
chr10	1051862	A	R	99	G	33	46	46	A	33	34	34	80	0.176324	1.00000	1	212
chr10	1060461	C	Y	44	T	25	4	4	C	34	2	2	6	0.266667	1.00000	1	8599
chr10	1116293	T	Y	60	C	28	7	7	T	32	3	3	10	0.500000	1.00000	1	5839
chr10	1132208	T	C	59	C	29	33	33	T	31	1	1	34	1.00000	1.00000	1	10076
chr10	1269598	G	R	70	A	29	6	6	G	34	3	3	9	0.0833333	1.00000	0	33705
chr10	3135906	A	M	48	C	26	5	5	A	33	2	2	7	0.285714	1.00000	1	21
chr10	3139402	A	R	54	A	25	5	5	G	33	2	2	7	0.785714	1.00000	1	1496
chr10	3140898	C	Y	99	T	33	16	16	C	30	17	17	33	0.517118	1.00000	1	1496
chr10	3144339	C	Y	99	C	29	10	10	T	32	9	9	19	0.223484	1.00000	1	878
chr10	3145237	A	G	44	G	33	6	6	A	0	0	0	6	1.00000	1.00000	1	20
chr10	3145263	T	C	44	C	28	6	6	T	0	0	0	6	1.00000	1.00000	1	1
chr10	3145264	G	K	63	T	26	4	4	G	32	2	2	6	0.400000	1.00000	1	1
chr10	3145285	G	R	22	G	34	3	3	A	32	2	2	5	0.100000	1.00000	1	21
chr10	3145353	C	Y	99	T	33	8	8	C	33	4	4	12	0.615152	1.00000	1	55
chr10	3145408	C	Y	52	C	27	6	6	T	22	3	3	9	0.678571	1.00000	1	55
chr10	3145540	A	G	59	G	33	10	10	A	0	0	0	10	1.00000	1.00000	1	80
chr10	3145698	C	Y	99	C	28	11	11	T	25	8	8	19	0.516075	1.00000	1	78
chr10	4995549	G	S	48	G	32	3	9	C	34	2	3	12	0.400000	1.58333	1	32147
chr10	5033821	A	W	99	A	26	26	26	T	29	13	13	39	0.672842	1.00000	1	6125
chr10	5128607	G	R	99	A	29	10	10	G	33	8	8	18	0.674117	1.00000	1	140
chr10	5129685	G	A	81	A	33	39	39	G	0	0	0	39	1.00000	1.00000	1	938
chr10	5130980	T	Y	99	C	33	8	8	T	32	7	7	15	0.738772	1.00000	1	1295
chr10	5139649	T	K	99	G	34	6	6	T	34	5	5	11	0.534632	1.00000	1	54
chr10	5139703	G	R	76	G	32	14	14	A	31	5	5	19	0.279670	1.00000	1	54
chr10	5193748	A	R	99	G	31	27	27	A	32	17	17	44	0.622161	1.00000	1	116
chr10	5193864	C	Y	99	C	33	17	17	T	34	8	8	25	0.255494	1.00000	1	116
chr10	5194928	C	Y	49	T	25	8	8	C	34	2	2	11	0.200000	1.00000	1	1064
chr10	5232346	G	A	78	A	32	32	32	G	0	0	0	32	1.00000	1.00000	1	12679
chr10	5245025	A	G	72	G	30	26	26	C	2	1	1	27	1.00000	1.00000	1	5528
chr10	5405954	A	R	69	A	21	5	5	G	33	3	3	8	0.392857	1.00000	1	19481
chr10	5425918	G	A	79	A	32	76	76	G	0	0	0	76	1.00000	1.00000	1	155
chr10	5426073	G	R	99	A	33	36	36	G	33	22	22	58	0.560258	1.00000	1	155
chr10	5426260	A	G	53	G	31	24	24	A	0	0	0	24	1.00000	1.00000	1	187
chr10	5427365	A	G	52	G	31	13	13	A	0	0	0	13	1.00000	1.00000	1	1105
chr10	5436794	C	T	40	T	29	9	9	C	0	0	0	9	1.00000	1.00000	1	162
chr10	5485351	C	Y	77	C	33	6	6	T	34	4	4	10	0.380952	1.00000	1	133
chr10	5557366	G	R	99	A	29	7	7	G	26	6	6	13	0.657051	1.00000	1	72015
chr10	5722647	C	T	43	T	31	10	10	C	0	0	0	10	1.00000	1.00000	1	144433
chr10	5867080	G	A	42	A	33	17	17	G	0	0	0	17	1.00000	1.00000	1	93047
chr10	5960127	T	Y	97	T	25	7	7	C	34	4	4	11	0.0818182	1.00000	1	2065
chr10	5964948	C	S	99	G	34	7	7	C	29	7	7	14	0.750000	1.00000	1	1029
chr10	5965977	C	M	99	A	30	15	15	C	33	13	13	28	0.646509	1.00000	1	1029
chr10	5976431	C	S	99	G	32	21	21	C	30	14	14	35	0.507792	1.00000	1	4238
chr10	6000215	C	Y	59	T	34	3	3	C	34	2	2	5	0.600000	1.00000	1	7355
chr10	6018417	T	Y	99	C	31	25	25	T	30	23	23	48	0.356396	1.00000	1	16641
chr10	6035058	C	Y	38	C	24	7	7	T	11	8	8	15	0.0946387	1.00000	1	3233
chr10	6101485	A	M	99	A	33	10	10	C	34	6	6	16	0.678197	1.00000	1	202
chr10	6101787	T	C	40	C	29	17	17	T	0	0	0	17	1.00000	1.00000	1	302
chr10	6103389	T	C	85	C	31	33	33	T	0	0	0	33	1.00000	1.00000	1	1602
chr10	6106201	T	W	47	A	33	4	4	T	31	2	2	6	0.133333	1.00000	1	2812
chr10	6298021	T	C	63	C	33	14	14	T	0	0	0	14	1.00000	1.00000	1	37
chr10	6298058	G	A	80	A	25	41	41	C	7	2	2	43	1.00000	1.00000	1	37
chr10	6512897	G	K	99	T	26	9	9	G	32	6	6	15	0.672228	1.00000	1	25832
chr10	6538729	G	R	99	A	34	11	11	G	33	11	11	22	0.373829	1.00000	1	5403
chr10	6567149	G	R	99	A	33	36	36	G	31	21	21	57	0.637266	1.00000	1	6482
chr10	6573631	T	W	99	T	30	14	14	A	31	11	11	25	0.744643	1.00000	1	6482
chr10	6593077	T	Y	99	T	33	43	43	C	32	42	42	85	0.166801	1.00000	1	19446
chr10	7270530	G	K	35	G	33	7	7	T	34	2	2	9	0.444444	1.00000	1	16077
chr10	7325638	A	G	46	G	32	10	10	A	0	0	0	10	1.00000	1.00000	1	33171
chr10	7358809	T	Y	99	T	29	12	12	C	33	9	9	21	0.0477256	1.00000	1	33171
chr10	7645107	A	G	49	G	32	9	9	A	0	0	0	9	1.00000	1.00000	1	34
chr10	7658692	T	K	99	G	27	11	11	T	27	10	10	21	0.0660588	1.00000	1	185
chr10	7658999	G	R	99	G	29	10	10	A	27	10	10	20	0.397968	1.00000	1	4
chr10	7659003	G	R	99	G	30	10	10	A	27	11	11	21	0.0985580	1.00000	1	4
chr10	7661777	A	R	99	G	31	14	14	A	30	14	14	28	0.384406	1.00000	1	2774
chr10	7719399	C	Y	55	C	27	11	11	T	26	4	4	15	0.376557	1.00000	1	4480
chr10	7723879	A	W	99	A	33	6	6	T	34	5	5	11	0.698052	1.00000	1	4480
chr10	7737510	G	R	80	A	34	4	4	G	34	3	3	7	0.571429	1.00000	1	13631
chr10	7803667	A	G	64	G	30	24	24	C	2	2	2	26	1.00000	1.00000	1	13170
chr10	7816837	C	Y	99	T	32	6	6	C	30	5	5	11	0.607143	1.00000	1	3815
chr10	7820652	C	S	99	C	31	25	25	G	30	21	21	46	0.592359	1.00000	1	3815
chr10	7825023	T	C	22	C	30	4	4	T	0	0	0	4	1.00000	1.00000	1	70
chr10	7825093	G	R	99	A	34	8	8	G	34	5	5	13	0.681041	1.00000	1	70
chr10	7828501	T	Y	36	C	34	3	3	T	34	2	2	5	0.600000	1.00000	1	3408
chr10	7869765	C	Y	99	T	33	11	11	C	30	10	10	21	0.193340	1.00000	1	9173
chr10	7884201	C	Y	99	C	33	7	7	T	33	5	5	12	0.438131	1.00000	1	5263
chr10	8133040	G	K	93	G	27	6	6	T	19	5	5	11	0.561688	1.00000	1	18375
chr10	8151415	C	Y	99	T	30	11	11	C	33	6	6	17	0.403765	1.00000	1	18375
chr10	11829296	G	C	56	C	32	17	17	G	0	0	0	17	1.00000	1.00000	1	40
chr10	11829388	G	A	99	A	33	60	60	G	0	0	0	60	1.00000	1.00000	1	23
chr10	11829411	G	A	66	A	33	69	69	G	0	0	0	69	1.00000	1.00000	1	23
chr10	11837442	T	C	29	C	33	11	11	T	0	0	0	11	1.00000	1.00000	1	31
chr10	11837473	G	A	31	A	25	4	4	G	0	0	0	4	1.00000	1.00000	1	31
chr10	11837625	C	G	34	G	28	4	4	C	0	0	0	4	1.00000	1.00000	1	152
chr10	11845345	C	T	35	T	26	16	16	C	0	0	0	16	1.00000	1.00000	1	15
chr10	11845360	A	G	43	G	31	16	16	A	0	0	0	16	1.00000	1.00000	1	3
chr10	11845363	G	A	35	A	28	17	17	G	0	0	0	17	1.00000	1.00000	1	3
chr10	11951431	G	S	20	G	33	4	4	C	34	2	2	6	0.266667	1.00000	0	106068
chr10	12086552	T	Y	36	T	34	3	3	C	34	2	2	5	0.600000	1.00000	1	64544
chr10	12166496	A	T	24	T	34	9	9	A	0	0	0	9	1.00000	1.00000	1	4591
chr10	12171087	T	G	84	G	32	51	51	T	0	0	0	51	1.00000	1.00000	1	4591
chr10	12183111	C	G	91	G	33	47	47	C	0	0	0	47	1.00000	1.00000	1	175
chr10	12188265	A	C	85	C	32	43	43	A	0	0	0	43	1.00000	1.00000	1	27
chr10	12188292	T	C	75	C	31	47	47	T	2	1	1	48	1.00000	1.00000	1	27
chr10	12189945	C	T	79	T	28	26	26	C	0	0	0	26	1.00000	1.00000	1	1653
chr10	12199653	A	G	43	G	32	7	7	A	0	0	0	7	1.00000	1.00000	1	9708
chr10	12231939	C	Y	99	T	33	17	17	C	33	17	17	34	0.354190	1.00000	1	10933
chr10	12242872	A	W	99	T	33	12	12	A	32	8	8	20	0.712658	1.00000	1	3327
chr10	12249758	T	Y	99	C	33	31	31	T	33	23	23	54	0.0539834	1.00000	1	3559
chr10	12280686	C	Y	92	C	33	8	8	T	33	5	5	13	0.416472	1.00000	1	11537
chr10	12332292	C	S	99	C	33	6	6	G	33	5	5	11	0.698052	1.00000	1	58
chr10	12332350	A	G	34	G	29	9	9	A	0	0	0	9	1.00000	1.00000	1	58
chr10	12635335	A	R	99	A	33	23	23	G	31	14	14	37	0.205749	1.00000	1	271027
chr10	12907604	C	G	74	G	30	22	22	C	0	0	0	22	1.00000	1.00000	1	1242
chr10	12910720	A	G	21	G	33	8	8	A	0	0	0	8	1.00000	1.00000	1	3116
chr10	13198268	C	T	66	T	30	20	20	C	0	0	0	20	1.00000	1.00000	1	6070
chr10	13206082	A	G	37	G	33	5	5	A	0	0	0	5	1.00000	1.00000	1	1744
chr10	13218703	C	M	32	C	33	7	7	A	33	2	2	9	0.250000	1.00000	1	10837
chr10	13246239	A	T	73	T	30	22	22	A	0	0	0	22	1.00000	1.00000	1	6651
chr10	13270843	A	R	42	A	33	4	4	G	33	2	2	6	0.400000	1.00000	1	5951
chr10	13277021	G	A	46	A	30	11	11	G	0	0	0	11	1.00000	1.00000	1	2636
chr10	13279657	A	R	99	G	34	9	9	A	27	10	10	19	0.578845	1.00000	1	2636
chr10	13315516	C	S	99	C	32	8	8	G	33	7	7	15	0.738772	1.00000	1	4
chr10	13315520	A	G	44	G	33	16	16	A	0	0	0	16	1.00000	1.00000	1	4
chr10	13315559	T	G	56	G	32	22	22	T	0	0	0	22	1.00000	1.00000	1	39
chr10	13377594	G	A	59	A	33	11	11	G	0	0	0	11	1.00000	1.00000	1	4248
chr10	13404920	C	S	99	G	33	11	11	C	28	10	10	21	0.715817	1.00000	0	5401
chr10	13410321	C	T	48	T	28	17	17	C	0	0	0	17	1.00000	1.00000	1	5401
chr10	13415912	T	C	69	C	32	21	21	T	0	0	0	21	1.00000	1.00000	1	2275
chr10	13521433	T	A	80	A	30	44	44	T	0	0	0	44	1.00000	1.00000	1	13167
chr10	13534600	T	C	68	C	31	29	29	T	0	0	0	29	1.00000	1.00000	1	13167
chr10	13682384	A	R	99	G	34	7	7	A	34	6	6	13	0.527389	1.00000	1	11112
chr10	13693496	C	M	56	C	34	2	2	A	34	2	2	4	0.666667	1.00000	1	4845
chr10	13698341	G	R	86	A	34	9	9	G	34	5	5	14	0.750000	1.00000	1	4845
chr10	13733889	C	Y	99	T	33	20	20	C	33	20	20	40	0.339153	1.00000	1	35548
chr10	13822523	G	R	99	G	33	22	22	A	33	20	20	42	0.117155	1.00000	1	393
chr10	13878610	A	G	25	G	33	6	6	A	0	0	0	6	1.00000	1.00000	1	56087
chr10	14949261	T	Y	99	T	33	12	12	C	33	7	7	19	0.418473	1.00000	0	99238
chr10	15048499	A	C	40	C	30	13	13	A	0	0	0	13	1.00000	1.00000	1	5925
chr10	15054446	A	G	26	G	33	10	10	A	0	0	0	10	1.00000	1.00000	1	22
chr10	15146447	A	G	35	G	29	10	10	A	0	0	0	10	1.00000	1.00000	1	48533
chr10	15194980	A	G	40	G	33	6	6	A	0	0	0	6	1.00000	1.00000	1	48533
chr10	15613056	A	G	56	G	34	15	15	A	0	0	0	15	1.00000	1.00000	1	17322
chr10	15688249	C	Y	99	C	30	14	14	T	32	7	7	21	0.200129	1.00000	1	10353
chr10	15698602	G	R	99	G	32	7	7	A	33	6	6	13	0.527389	1.00000	1	10353
chr10	15725989	A	T	22	T	33	10	10	A	0	0	0	10	1.00000	1.00000	1	27387
chr10	15769929	C	Y	99	C	33	23	23	T	28	23	23	46	0.500143	1.00000	1	9112
chr10	16587064	A	G	75	G	33	33	33	A	0	0	0	33	1.00000	1.00000	1	9652
chr10	16596716	T	Y	99	C	33	8	8	T	33	7	7	15	0.477545	1.00000	1	9652
chr10	16958978	A	R	99	G	32	22	22	A	28	17	17	39	0.523043	1.00000	1	81
chr10	16983377	G	C	99	C	31	45	45	G	0	0	0	45	1.00000	1.00000	1	4806
chr10	16988183	A	G	62	G	34	17	17	A	0	0	0	17	1.00000	1.00000	1	213
chr10	16988396	G	S	99	C	33	6	7	G	27	5	8	15	0.634199	1.26667	1	213
chr10	16989453	A	C	26	C	29	11	11	A	0	0	0	11	1.00000	1.00000	1	1057
chr10	17007407	C	T	48	T	31	9	10	A	2	1	1	11	1.00000	1.09091	1	17954
chr10	17064509	G	A	53	A	33	17	17	G	0	0	0	17	1.00000	1.00000	1	99
chr10	17064621	A	T	39	T	33	11	11	A	0	0	0	11	1.00000	1.00000	1	112
chr10	17066016	A	C	27	C	33	5	5	A	0	0	0	5	1.00000	1.00000	1	1395
chr10	17072287	C	Y	99	T	31	12	12	C	33	10	10	22	0.743559	1.00000	1	6271
chr10	17150601	G	A	36	A	27	6	6	G	0	0	0	6	1.00000	1.00000	1	2968
chr10	17153569	C	T	53	T	33	16	16	C	0	0	0	16	1.00000	1.00000	1	2968
chr10	17187527	G	T	48	T	31	27	27	G	0	0	0	27	1.00000	1.00000	1	5569
chr10	17196157	A	G	28	G	18	9	9	A	0	0	0	9	1.00000	1.00000	1	8630
chr10	17211271	G	C	22	C	34	4	4	G	0	0	0	4	1.00000	1.00000	1	15114
chr10	17244253	A	T	30	T	30	12	12	G	23	1	1	13	1.00000	1.00000	1	1
chr10	17676188	G	S	76	G	34	4	4	C	34	3	3	7	0.571429	1.00000	1	127
chr10	17676315	G	R	73	G	33	11	11	A	30	5	5	16	0.0902015	1.00000	1	127
chr10	17726340	C	T	22	T	31	13	13	C	2	1	1	14	1.00000	1.00000	1	100
chr10	17787059	G	C	20	C	33	9	9	G	0	0	0	9	1.00000	1.00000	1	447
chr10	17931711	A	R	99	A	32	36	36	G	29	18	22	58	0.193477	1.06897	1	144205
chr10	18162704	C	Y	99	C	31	28	34	T	31	22	23	57	0.245603	1.12281	0	119606
chr10	18282310	T	C	24	C	23	17	17	T	0	0	0	17	1.00000	1.00000	1	12302
chr10	18294612	C	M	99	C	30	10	10	A	32	6	6	16	0.565872	1.00000	1	12177
chr10	18306789	G	K	56	G	34	2	2	T	33	2	2	4	0.333333	1.00000	1	206
chr10	18306995	G	R	79	G	31	11	11	A	32	4	4	15	0.525275	1.00000	1	206
chr10	18310428	G	R	83	G	32	8	8	A	33	4	4	12	0.733333	1.00000	1	3433
chr10	18479932	T	Y	99	C	34	14	14	T	32	11	11	25	0.133543	1.00000	0	169504
chr10	18829730	T	K	99	G	32	19	19	T	33	10	10	29	0.650939	1.00000	1	2529
chr10	18856639	C	Y	99	T	33	14	14	C	33	7	7	21	0.485509	1.00000	1	11738
chr10	18868377	C	Y	99	C	31	13	13	T	32	12	12	25	0.269123	1.00000	1	115
chr10	18868492	C	S	99	C	27	24	24	G	30	18	18	42	0.244344	1.00000	0	115
chr10	20397056	G	K	53	T	34	2	2	G	29	2	2	4	0.333333	1.00000	1	79788
chr10	20476844	G	S	99	G	33	12	12	C	34	9	9	21	0.701951	1.00000	1	69488
chr10	20546332	T	Y	30	C	33	9	9	T	34	2	2	11	0.454545	1.00000	1	92
chr10	20546424	G	R	99	G	33	21	21	A	33	13	13	34	0.605088	1.00000	1	92
chr10	20574339	A	G	91	G	29	58	58	A	0	0	0	58	1.00000	1.00000	1	27915
chr10	21160122	A	G	66	G	33	28	28	A	0	0	0	28	1.00000	1.00000	1	4784
chr10	21181475	T	C	35	C	34	6	6	T	0	0	0	6	1.00000	1.00000	1	21353
chr10	21454898	C	S	99	G	24	18	18	C	28	12	12	30	0.162575	1.00000	1	114
chr10	21455012	T	Y	99	C	30	10	10	T	25	10	10	20	0.671053	1.00000	1	114
chr10	22059861	G	R	99	G	32	29	29	A	31	21	21	50	0.136871	1.00000	0	75025
chr10	22134886	C	M	99	C	31	19	19	A	29	10	10	29	0.334134	1.00000	0	75025
chr10	22233428	T	C	53	C	34	8	8	T	0	0	0	8	1.00000	1.00000	1	98542
chr10	22866099	A	C	27	C	34	6	6	A	0	0	0	6	1.00000	1.00000	1	2748
chr10	22870725	G	C	84	C	33	28	28	G	0	0	0	28	1.00000	1.00000	1	1878
chr10	24802471	A	G	71	G	33	74	74	A	0	0	0	74	1.00000	1.00000	1	48138
chr10	24873143	C	T	50	T	33	18	18	C	0	0	0	18	1.00000	1.00000	1	22534
chr10	24913375	C	S	99	C	32	14	14	G	32	12	13	27	0.666813	1.03704	1	7343
chr10	24920718	G	R	74	G	34	8	8	A	34	4	4	12	0.533333	1.00000	1	7343
chr10	24948692	T	Y	99	C	33	12	14	T	34	9	21	35	0.701951	1.40000	1	27974
chr10	25271177	A	R	47	A	34	4	4	G	34	2	2	6	0.600000	1.00000	1	42573
chr10	25313750	T	Y	76	C	33	3	3	T	32	3	3	6	0.500000	1.00000	1	38945
chr10	25352695	A	R	99	A	32	22	22	G	32	7	7	29	0.411358	1.00000	1	1129
chr10	25353824	C	Y	99	C	32	9	9	T	33	6	6	15	0.136064	1.00000	1	1129
chr10	25741347	C	S	99	C	33	6	6	G	32	6	6	12	0.468615	1.00000	1	186839
chr10	25928186	A	R	44	G	31	11	11	A	25	4	4	15	0.425641	1.00000	1	186839
chr10	26350410	A	R	99	A	34	18	18	G	33	14	14	32	0.375111	1.00000	1	1
chr10	26350416	T	Y	99	C	33	19	19	T	34	14	14	33	0.407704	1.00000	1	6
chr10	26350476	C	Y	99	C	33	22	22	T	32	19	19	41	0.373243	1.00000	1	36
chr10	26350512	C	Y	99	C	33	24	24	T	31	17	17	41	0.0391639	1.00000	1	36
chr10	26350603	G	R	99	G	32	16	16	A	33	14	14	30	0.508165	1.00000	0	91
chr10	26395868	G	K	77	G	34	6	6	T	34	3	3	9	0.547619	1.00000	1	10
chr10	26395878	A	R	90	A	33	6	6	G	34	4	4	10	0.238095	1.00000	1	10
chr10	26395912	G	R	99	G	33	7	7	A	28	6	6	13	0.472611	1.00000	1	34
chr10	26395998	A	G	58	G	33	17	17	A	0	0	0	17	1.00000	1.00000	1	22
chr10	26396020	C	Y	44	C	34	10	10	T	34	3	3	13	0.531469	1.00000	1	1
chr10	26396021	A	R	39	A	34	10	10	G	33	3	3	13	0.234266	1.00000	1	1
chr10	26397753	C	Y	61	C	34	4	4	T	34	3	3	7	0.571429	1.00000	1	1
chr10	26397754	G	A	21	A	34	8	8	G	0	0	0	8	1.00000	1.00000	1	1
chr10	26397826	C	Y	61	C	34	5	5	T	33	3	3	8	0.285714	1.00000	1	72
chr10	26399186	T	K	36	T	33	9	9	G	34	2	2	11	0.363636	1.00000	1	1360
chr10	26476293	G	K	99	T	34	5	5	G	34	4	4	9	0.547619	1.00000	1	1832
chr10	26483631	A	M	56	A	34	3	3	C	34	2	2	5	0.600000	1.00000	1	21
chr10	26483652	G	A	28	A	34	6	6	G	0	0	0	6	1.00000	1.00000	1	21
chr10	26486318	G	R	99	G	34	13	13	A	32	10	10	23	0.541516	1.00000	1	2666
chr10	26503136	C	A	82	A	32	35	35	C	0	0	0	35	1.00000	1.00000	1	87
chr10	26574815	G	K	73	G	34	4	4	T	34	3	3	7	0.571429	1.00000	1	128
chr10	26574943	C	Y	99	C	33	10	10	T	33	6	6	16	0.640547	1.00000	1	128
chr10	26599577	G	S	99	C	32	38	38	G	31	27	27	65	0.0771669	1.00000	1	15650
chr10	26821163	C	Y	82	T	34	5	5	C	34	3	3	8	0.750000	1.00000	0	205936
chr10	27440867	G	R	99	A	32	12	12	G	33	10	10	22	0.291207	1.00000	1	4449
chr10	27494117	A	W	99	T	32	6	6	A	33	5	5	11	0.544372	1.00000	1	1892
chr10	27496009	G	A	55	A	33	14	14	G	0	0	0	14	1.00000	1.00000	1	1892
chr10	27499676	C	Y	94	T	33	8	8	C	34	4	4	12	0.404040	1.00000	1	2283
chr10	27501959	T	W	91	A	32	4	4	T	26	4	4	8	0.721429	1.00000	1	2283
chr10	27515450	T	Y	99	T	33	28	28	C	32	28	28	56	0.196271	1.00000	1	13491
chr10	27546860	C	T	34	T	34	4	4	C	0	0	0	4	1.00000	1.00000	1	1904
chr10	27548764	T	Y	99	T	30	11	11	C	30	10	10	21	0.431633	1.00000	1	1904
chr10	27578948	T	Y	99	T	29	24	25	C	30	20	24	49	0.622676	1.18367	1	30184
chr10	27727781	T	Y	99	C	34	12	12	T	33	11	11	23	0.512033	1.00000	1	190
chr10	27727971	A	R	99	A	33	21	21	G	33	19	19	40	0.394419	1.00000	1	29
chr10	27728000	A	R	99	G	33	26	26	A	33	20	20	46	0.375183	1.00000	1	29
chr10	27728115	T	Y	99	T	33	22	22	C	33	19	19	41	0.306922	1.00000	1	115
chr10	27732105	A	R	69	A	34	3	3	G	33	3	3	6	0.350000	1.00000	1	37
chr10	27732285	A	M	99	A	33	17	17	C	33	9	9	26	0.298348	1.00000	1	180
chr10	27855671	A	R	69	A	34	4	4	G	34	3	3	7	0.571429	1.00000	1	112626
chr10	28004476	G	R	99	G	33	16	16	A	33	13	13	29	0.457042	1.00000	1	67666
chr10	28268871	A	R	99	A	32	14	14	G	28	13	13	28	0.471476	1.00000	1	4255
chr10	28273126	A	M	63	C	34	3	3	A	34	2	2	5	0.600000	1.00000	1	4255
chr10	28418764	T	C	66	C	33	15	15	T	0	0	0	15	1.00000	1.00000	1	145638
chr10	28945085	A	R	99	G	34	12	12	A	33	10	10	22	0.361171	1.00000	1	526321
chr10	29618090	A	R	41	G	34	2	2	A	33	2	13	15	0.333333	1.73333	1	2651
chr10	29620741	C	T	53	T	32	20	23	C	0	0	0	23	1.00000	1.13043	1	8
chr10	29620749	G	A	44	A	32	16	19	G	0	0	1	20	1.00000	1.20000	1	8
chr10	29621446	C	Y	99	C	33	18	18	T	30	12	12	30	0.530897	1.00000	1	53
chr10	29621499	A	M	99	A	26	16	16	C	28	13	13	29	0.612192	1.00000	1	53
chr10	29823914	A	R	93	A	33	14	14	G	34	6	9	23	0.568511	1.13043	0	95
chr10	29824009	G	R	37	G	26	17	18	A	32	3	3	21	0.691228	1.04762	1	1
chr10	29824010	G	R	99	A	25	13	13	G	27	7	9	22	0.469234	1.09091	1	1
chr10	29852608	G	K	99	G	25	23	23	T	26	18	18	42	0.484461	1.00000	1	6002
chr10	29858610	A	M	99	C	34	5	5	A	31	4	4	9	0.515873	1.00000	1	2485
chr10	29861529	T	C	47	C	31	26	26	T	0	0	0	26	1.00000	1.00000	1	434
chr10	29862038	C	T	75	T	33	18	18	C	0	0	0	18	1.00000	1.00000	1	127
chr10	29862165	T	C	57	C	29	41	41	T	0	0	0	41	1.00000	1.00000	1	127
chr10	29874004	A	G	66	G	32	42	42	A	0	0	0	42	1.00000	1.00000	1	5
chr10	29874009	G	A	62	A	31	40	40	G	0	0	0	40	1.00000	1.00000	1	5
chr10	29879793	A	G	69	G	30	29	29	A	0	0	0	29	1.00000	1.00000	1	77
chr10	29879870	A	C	57	C	32	31	31	A	2	1	1	32	1.00000	1.00000	1	77
chr10	29880044	A	G	58	G	28	44	44	T	2	1	1	45	1.00000	1.00000	1	126
chr10	29880170	A	G	52	G	32	20	20	A	0	0	0	20	1.00000	1.00000	1	126
chr10	29883839	C	T	21	T	33	6	6	C	0	0	0	6	1.00000	1.00000	1	3669
chr10	30669142	G	R	41	G	34	4	4	A	34	2	2	6	0.600000	1.00000	1	54
chr10	30669232	G	R	99	A	30	16	16	G	33	14	14	30	0.262458	1.00000	1	90
chr10	30768107	T	Y	99	T	34	17	17	C	33	15	15	33	0.750000	1.00000	1	98875
chr10	30941762	G	A	41	A	33	15	15	G	0	0	0	15	1.00000	1.00000	1	13881
chr10	30955643	A	R	38	A	33	17	17	G	34	4	5	22	0.448622	1.04545	1	2849
chr10	30958492	G	R	59	G	33	13	13	A	33	5	5	18	0.387488	1.00000	0	6
chr10	30958498	G	K	99	G	33	13	13	T	32	6	6	19	0.580716	1.00000	0	6
chr10	30958555	G	S	28	G	30	13	13	C	34	3	3	16	0.182143	1.00000	0	57
chr10	31178823	G	A	78	A	29	61	61	G	0	0	0	61	1.00000	1.00000	1	220268
chr10	31843522	G	A	52	A	32	10	10	G	0	0	0	10	1.00000	1.00000	1	7163
chr10	31850685	A	R	99	A	32	23	23	G	32	16	16	39	0.660344	1.00000	0	7163
chr10	32160684	C	Y	52	T	34	7	7	C	31	3	3	10	0.258333	1.00000	1	5545
chr10	32168617	A	R	89	G	34	4	4	A	32	4	4	8	0.0571429	1.00000	1	7933
chr10	32181466	T	Y	89	C	34	7	7	T	33	4	4	11	0.631818	1.00000	1	1584
chr10	32183050	A	R	99	A	33	15	15	G	31	7	7	22	0.184205	1.00000	1	1584
chr10	32351975	A	G	29	G	34	11	11	A	0	0	0	11	1.00000	1.00000	1	5097
chr10	32363597	G	K	87	G	34	5	5	T	34	4	4	9	0.547619	1.00000	1	11622
chr10	32384753	G	R	36	A	21	5	5	G	18	2	2	7	0.785714	1.00000	1	21156
chr10	32615799	A	G	49	G	33	18	18	A	0	0	0	18	1.00000	1.00000	1	166463
chr10	32785254	A	M	88	A	34	7	7	C	32	5	5	12	0.750000	1.00000	0	2992
chr10	32896752	A	M	99	A	34	11	11	C	33	8	8	19	0.664351	1.00000	1	2346
chr10	33014975	A	G	34	G	32	4	4	A	0	0	0	4	1.00000	1.00000	1	2987
chr10	33017962	G	R	99	A	34	6	6	G	34	5	5	11	0.534632	1.00000	1	2987
chr10	33058357	G	C	49	C	34	9	9	G	0	0	0	9	1.00000	1.00000	1	2569
chr10	33177521	T	K	99	G	33	6	6	T	30	6	6	12	0.621212	1.00000	1	36
chr10	33177557	T	Y	99	T	33	9	9	C	34	6	6	15	0.387812	1.00000	1	36
chr10	33183402	G	A	47	A	33	6	6	G	0	0	0	6	1.00000	1.00000	1	5845
chr10	33230573	C	M	65	C	31	8	8	A	31	3	3	11	0.460606	1.00000	1	18699
chr10	33249272	G	T	64	T	33	19	19	G	0	0	0	19	1.00000	1.00000	1	7711
chr10	33509187	A	R	99	A	26	20	20	G	31	15	15	35	0.511587	1.00000	1	33059
chr10	33542246	C	Y	36	T	34	6	6	C	34	2	2	8	0.571429	1.00000	1	8374
chr10	33550620	G	R	99	A	33	12	12	G	33	9	9	21	0.729252	1.00000	1	49
chr10	33550669	G	R	99	A	33	20	20	G	34	14	14	34	0.580810	1.00000	1	49
chr10	33550774	G	R	99	G	33	31	31	A	32	26	26	57	0.719996	1.00000	1	105
chr10	33592524	A	M	53	A	31	4	4	C	32	2	2	6	0.700000	1.00000	1	4
chr10	33592528	G	R	32	G	33	4	4	A	30	2	2	6	0.600000	1.00000	1	4
chr10	33592701	C	Y	99	T	32	26	26	C	32	21	21	47	0.411959	1.00000	1	1
chr10	33592702	A	G	83	G	32	48	48	A	0	0	0	48	1.00000	1.00000	1	1
chr10	33659568	C	T	46	T	34	8	8	C	0	0	0	8	1.00000	1.00000	1	66866
chr10	34728293	G	A	66	A	31	16	16	G	0	0	0	16	1.00000	1.00000	1	279651
chr10	35364082	A	G	37	G	33	5	5	A	0	0	0	5	1.00000	1.00000	1	604148
chr10	38281226	T	Y	99	C	32	20	20	T	31	15	15	35	0.120057	1.00000	0	64908
chr10	38346134	A	G	29	G	30	5	5	A	0	0	0	5	1.00000	1.00000	1	37132
chr10	38383266	G	R	63	G	33	6	6	A	34	3	3	9	0.726190	1.00000	1	1440
chr10	38384706	C	S	99	C	32	22	22	G	32	10	12	34	0.162496	1.05882	1	1440
chr10	38425447	G	R	86	G	32	6	6	A	30	4	4	10	0.619048	1.00000	1	22078
chr10	38447525	A	R	99	A	33	10	10	G	33	8	8	18	0.482700	1.00000	1	22078
chr10	42408049	A	R	20	A	28	28	28	G	7	20	20	48	0.0772633	1.00000	0	1922
chr10	42409971	G	R	99	A	33	18	18	G	33	11	11	29	0.386937	1.00000	1	1922
chr10	42452238	A	R	42	A	34	3	3	G	32	2	2	5	0.600000	1.00000	1	12
chr10	42452250	C	M	77	A	34	4	4	C	31	3	3	7	0.114286	1.00000	0	12
chr10	42601095	T	Y	92	T	34	4	4	C	34	4	4	8	0.342857	1.00000	1	4624
chr10	42605719	T	Y	99	C	33	11	11	T	33	9	9	20	0.470422	1.00000	1	4624
chr10	42617570	G	R	99	A	33	19	19	G	33	9	9	28	0.442466	1.00000	1	11851
chr10	42915974	A	G	28	G	33	7	7	A	0	0	0	7	1.00000	1.00000	1	5781
chr10	42926693	A	G	82	G	32	35	35	A	0	0	0	35	1.00000	1.00000	1	2297
chr10	42933849	G	T	37	T	28	15	15	C	2	1	1	16	1.00000	1.00000	1	1662
chr10	42998802	C	Y	99	C	31	28	28	T	32	25	25	54	0.365210	1.00000	1	7417
chr10	44816126	A	W	99	A	33	8	8	T	32	4	4	12	0.615152	1.00000	1	381779
chr10	45197905	C	Y	99	T	33	11	11	C	33	9	9	20	0.637908	1.00000	1	13316
chr10	45211221	A	R	76	G	29	4	4	A	33	3	3	7	0.314286	1.00000	1	13316
chr10	45244029	G	A	57	A	31	16	16	G	0	0	0	16	1.00000	1.00000	1	15113
chr10	45273773	A	R	99	G	31	16	16	A	32	14	14	30	0.568778	1.00000	1	14631
chr10	45463964	T	K	99	T	34	14	14	G	33	11	11	25	0.363368	1.00000	1	190191
chr10	46418900	G	R	89	G	32	6	6	A	30	4	4	12	0.380952	1.00000	1	99
chr10	46419001	C	S	49	C	16	4	4	G	30	2	2	6	0.700000	1.00000	1	4
chr10	46419184	A	M	48	C	34	2	2	A	19	3	3	5	0.200000	1.00000	1	12
chr10	46419471	A	R	58	A	26	14	14	G	31	4	4	18	0.569281	1.00000	1	19
chr10	46419490	G	K	99	G	28	12	12	T	32	7	7	19	0.192228	1.00000	1	19
chr10	46419583	G	K	99	G	26	10	10	T	32	6	6	16	0.281094	1.00000	1	19
chr10	46419602	G	R	93	A	31	6	6	G	19	7	7	13	0.611305	1.00000	1	8
chr10	46419610	A	R	77	G	34	7	7	A	17	7	7	14	0.524330	1.00000	1	8
chr10	46419738	G	R	99	G	31	24	24	A	27	16	16	40	0.440369	1.00000	1	15
chr10	46419753	T	Y	99	T	29	23	23	C	31	10	10	33	0.446399	1.00000	1	15
chr10	46419869	C	S	99	C	27	19	19	G	31	8	8	27	0.590081	1.00000	1	116
chr10	46420010	T	C	35	C	32	21	21	T	9	1	1	22	1.00000	1.00000	1	67
chr10	46420077	G	R	63	G	33	12	12	A	31	4	4	16	0.476374	1.00000	1	8
chr10	46420085	T	Y	99	T	29	8	8	C	33	6	6	14	0.762571	1.00000	1	8
chr10	46507084	G	K	99	G	31	73	73	T	29	23	23	96	0.124143	1.00000	1	396
chr10	46507480	C	T	99	T	31	58	58	C	0	0	0	58	1.00000	1.00000	1	27
chr10	46507507	C	Y	99	C	31	30	30	T	31	14	14	44	0.590522	1.00000	1	27
chr10	46507614	T	C	80	C	29	36	36	T	0	0	0	36	1.00000	1.00000	1	72
chr10	46507686	C	T	57	T	31	33	33	C	0	0	0	33	1.00000	1.00000	1	51
chr10	46507737	C	T	52	T	28	37	37	C	0	0	0	37	1.00000	1.00000	1	51
chr10	46507836	G	A	85	A	31	50	50	G	2	1	1	51	1.00000	1.00000	1	99
chr10	47990601	G	R	99	A	30	18	18	G	26	11	11	29	0.559492	1.00000	1	152
chr10	47990753	C	Y	36	T	34	2	2	C	18	2	2	4	0.333333	1.00000	1	152
chr10	47991283	C	Y	99	T	21	18	18	C	26	11	11	30	0.555108	1.00000	1	530
chr10	48007986	G	R	99	G	33	10	10	A	30	6	6	17	0.183816	1.00000	1	2061
chr10	48036280	C	Y	80	T	29	5	5	C	34	3	3	8	0.125000	1.00000	1	10524
chr10	48046804	C	Y	99	T	32	7	7	C	33	6	6	13	0.182984	1.00000	1	10524
chr10	49062581	C	S	99	G	30	6	6	C	30	4	4	10	0.690476	1.00000	1	55145
chr10	49117726	G	R	76	G	25	11	11	A	28	6	6	17	0.441823	1.00000	0	55145
chr10	49324348	C	T	26	T	32	10	10	C	0	0	0	10	1.00000	1.00000	1	61
chr10	49324409	C	T	57	T	29	28	28	C	0	0	0	28	1.00000	1.00000	1	61
chr10	49331347	A	G	70	G	28	20	20	A	0	0	0	20	1.00000	1.00000	1	3093
chr10	49337719	G	A	49	A	29	7	7	C	2	1	1	8	1.00000	1.00000	1	82
chr10	49337801	T	C	20	C	27	10	10	T	0	0	0	10	1.00000	1.00000	1	82
chr10	49357600	G	A	37	A	33	5	5	G	0	0	0	5	1.00000	1.00000	1	206
chr10	49357806	G	A	42	A	23	10	10	G	0	0	0	10	1.00000	1.00000	1	206
chr10	49433624	C	T	28	T	25	16	16	G	2	1	1	17	1.00000	1.00000	1	27354
chr10	49460978	C	T	33	T	29	7	7	C	0	0	0	7	1.00000	1.00000	1	27354
chr10	49791431	G	S	99	G	31	6	6	C	33	5	5	11	0.331169	1.00000	1	296
chr10	49791727	G	R	99	G	29	13	13	A	33	8	8	21	0.0806968	1.00000	1	39
chr10	49791766	G	R	78	G	31	7	7	A	27	5	5	12	0.688763	1.00000	1	24
chr10	49791790	T	Y	99	T	24	11	11	C	33	6	6	17	0.175097	1.00000	1	24
chr10	49792115	C	Y	99	C	33	17	17	T	31	14	14	31	0.0198285	1.00000	1	325
chr10	49897791	T	C	46	C	33	8	8	T	0	0	0	8	1.00000	1.00000	1	88108
chr10	49985899	A	R	99	G	29	8	8	A	26	7	7	15	0.547319	1.00000	1	88108
chr10	50351039	G	R	99	A	31	10	10	G	30	9	9	19	0.157689	1.00000	1	10327
chr10	50361366	T	Y	85	C	31	9	9	T	34	5	5	14	0.181818	1.00000	1	9796
chr10	50371162	G	R	99	G	34	5	5	A	34	5	5	10	0.750000	1.00000	1	9796
chr10	50393690	G	R	99	G	33	47	47	A	33	37	37	84	0.228639	1.00000	1	332
chr10	50394022	C	T	99	T	32	76	76	C	0	0	0	76	1.00000	1.00000	1	332
chr10	50402552	A	W	99	A	29	50	50	T	30	7	7	57	0.627969	1.00000	0	8330
chr10	50410882	G	S	99	G	32	27	27	C	31	21	21	48	0.737691	1.00000	1	8330
chr10	50494625	G	R	91	A	33	4	4	G	32	4	4	8	0.621429	1.00000	1	3887
chr10	50498512	G	A	52	A	30	11	11	G	0	0	0	11	1.00000	1.00000	1	3887
chr10	50526658	G	A	43	A	27	8	8	G	0	0	0	8	1.00000	1.00000	1	6431
chr10	50533089	A	M	99	A	33	15	15	C	33	6	6	22	0.642323	1.00000	1	64
chr10	50533153	T	C	75	C	33	29	29	T	0	0	0	29	1.00000	1.00000	1	64
chr10	50571815	T	G	69	G	32	27	27	T	0	0	0	27	1.00000	1.00000	1	108
chr10	50571923	C	M	99	A	33	17	17	C	31	17	17	34	0.608301	1.00000	0	21
chr10	50571944	C	Y	99	C	33	15	15	T	30	15	15	30	0.387420	1.00000	1	21
chr10	50586490	A	G	99	G	31	80	80	A	0	0	0	80	1.00000	1.00000	1	58
chr10	50586548	C	Y	99	T	32	59	59	C	32	46	46	105	0.301563	1.00000	1	58
chr10	50613192	C	Y	45	C	33	2	2	T	28	2	2	4	0.666667	1.00000	1	823
chr10	50614015	T	C	48	C	30	9	9	T	0	0	0	9	1.00000	1.00000	1	823
chr10	50620982	G	R	74	G	28	6	6	A	31	4	4	10	0.380952	1.00000	1	2854
chr10	50623836	G	R	95	A	24	7	7	G	20	8	8	15	0.167832	1.00000	1	2854
chr10	50630172	C	Y	99	T	27	9	9	C	25	8	8	17	0.620177	1.00000	1	43
chr10	50630215	G	R	99	G	33	17	17	A	32	13	13	30	0.510828	1.00000	1	43
chr10	51219502	T	Y	99	C	33	9	9	T	33	7	7	16	0.670149	1.00000	1	49
chr10	51219551	G	T	73	T	32	18	18	G	0	0	0	18	1.00000	1.00000	1	49
chr10	51740953	T	Y	99	T	34	6	6	C	32	6	6	12	0.349567	1.00000	1	45
chr10	51756945	C	S	99	C	31	14	14	G	33	13	13	27	0.396478	1.00000	1	15992
chr10	51773713	A	R	99	G	33	13	13	A	29	9	9	22	0.104652	1.00000	1	16768
chr10	53128652	A	M	99	C	34	9	9	A	29	8	8	17	0.605862	1.00000	0	355583
chr10	53484235	G	T	20	T	30	9	9	G	0	0	0	9	1.00000	1.00000	1	79310
chr10	53720085	G	R	99	G	33	8	8	A	34	6	6	14	0.245421	1.00000	1	8218
chr10	54201248	G	R	99	A	31	22	22	G	26	22	22	44	0.149735	1.00000	1	456485
chr10	55425497	C	Y	99	C	33	13	13	T	32	13	13	26	0.459867	1.00000	1	24424
chr10	55449921	G	R	99	A	33	9	9	G	34	5	5	14	0.398601	1.00000	1	24424
chr10	55613190	T	C	61	C	33	33	33	T	0	0	0	33	1.00000	1.00000	1	133791
chr10	55746981	A	M	57	C	34	5	5	A	34	2	2	7	0.571429	1.00000	1	234
chr10	55747215	G	A	60	A	30	39	39	G	2	1	1	40	1.00000	1.00000	1	234
chr10	57788636	T	C	79	C	33	60	60	G	2	1	1	61	1.00000	1.00000	1	1346
chr10	57789982	G	A	63	A	30	15	15	G	0	0	0	15	1.00000	1.00000	1	1346
chr10	60050559	C	Y	81	C	32	7	7	T	34	5	5	12	0.133838	1.00000	0	177572
chr10	60228131	A	T	49	T	33	13	13	A	0	0	0	13	1.00000	1.00000	1	15628
chr10	60243759	G	T	83	T	31	55	55	G	0	0	0	55	1.00000	1.00000	1	3640
chr10	60247399	T	C	47	C	33	12	12	T	0	0	0	12	1.00000	1.00000	1	3640
chr10	60258559	T	C	51	C	33	23	23	T	0	0	0	23	1.00000	1.00000	1	11160
chr10	60675250	G	C	68	C	33	28	28	G	0	0	0	28	1.00000	1.00000	1	8812
chr10	60684062	C	A	61	A	33	23	23	C	0	0	0	23	1.00000	1.00000	1	8812
chr10	60781981	G	C	61	C	32	18	18	G	0	0	0	18	1.00000	1.00000	1	97919
chr10	61084017	G	K	99	T	33	37	37	G	31	32	32	69	0.175529	1.00000	1	1358
chr10	61113814	A	G	52	G	33	14	14	A	0	0	0	14	1.00000	1.00000	1	29797
chr10	61335892	C	A	22	A	28	6	6	C	0	0	0	6	1.00000	1.00000	1	113112
chr10	61489055	T	K	97	G	33	18	18	T	33	6	6	24	0.290261	1.00000	1	12222
chr10	61501277	T	Y	99	C	32	43	43	T	32	33	33	76	0.495819	1.00000	1	473
chr10	61501750	A	R	99	A	33	19	19	G	32	18	18	37	0.624674	1.00000	1	473
chr10	61538722	C	A	30	A	28	16	16	C	0	0	0	16	1.00000	1.00000	1	36972
chr10	61611029	T	W	52	A	34	7	7	T	34	2	2	9	0.555556	1.00000	0	24602
chr10	61635631	A	G	42	G	32	22	22	A	0	0	0	22	1.00000	1.00000	1	24602
chr10	61699940	G	S	40	C	22	7	7	G	10	4	4	11	0.206061	1.00000	0	64309
chr10	62221895	A	R	99	G	34	7	7	A	33	4	4	11	0.631818	1.00000	1	1
chr10	62221896	A	W	99	T	32	7	7	A	33	4	4	11	0.696970	1.00000	1	1
chr10	62223769	A	R	38	G	34	3	3	A	30	2	2	5	0.600000	1.00000	1	1873
chr10	62304627	C	Y	30	C	34	4	4	T	32	2	2	6	0.266667	1.00000	1	80858
chr10	63190704	T	C	62	C	33	16	16	T	0	0	0	16	1.00000	1.00000	1	437414
chr10	63628118	T	C	86	C	33	25	25	T	0	0	0	25	1.00000	1.00000	1	6541
chr10	63634659	C	Y	99	T	34	8	8	C	34	7	7	15	0.231702	1.00000	1	6541
chr10	63652990	A	G	56	G	34	14	14	A	0	0	0	14	1.00000	1.00000	1	12999
chr10	63665989	C	T	76	T	32	19	19	C	0	0	0	19	1.00000	1.00000	1	4895
chr10	63675717	C	T	34	T	33	6	6	C	0	0	0	6	1.00000	1.00000	1	4833
chr10	63818131	C	A	46	A	30	8	8	C	0	0	0	8	1.00000	1.00000	1	11208
chr10	63829339	G	T	59	T	29	23	23	G	0	0	0	23	1.00000	1.00000	1	11208
chr10	64085190	A	R	99	A	32	21	21	G	28	18	18	39	0.619219	1.00000	1	158587
chr10	64243777	C	T	49	T	23	12	12	C	0	0	0	12	1.00000	1.00000	1	158587
chr10	64583523	G	R	69	A	33	4	8	G	34	3	20	28	0.714286	1.75000	0	339746
chr10	67710331	C	Y	99	T	33	16	16	C	34	9	9	25	0.318414	1.00000	1	938982
chr10	68649313	A	W	35	A	33	6	6	T	33	3	3	9	0.357143	1.00000	0	387295
chr10	69036608	T	Y	99	T	31	19	19	C	33	13	13	32	0.152483	1.00000	1	204734
chr10	69241342	G	R	99	A	31	37	37	G	29	21	21	60	0.546556	1.00000	1	26450
chr10	69267792	G	R	99	G	32	8	8	A	31	6	6	14	0.377289	1.00000	1	26450
chr10	69318575	T	W	99	T	34	12	12	A	34	6	6	18	0.518207	1.00000	1	2556
chr10	69321131	A	R	99	G	33	14	14	A	34	9	9	23	0.299755	1.00000	1	2556
chr10	69336604	T	Y	43	T	33	3	3	C	34	2	2	5	0.600000	1.00000	1	15473
chr10	69362336	T	Y	99	C	33	13	13	T	33	9	9	22	0.724009	1.00000	1	25732
chr10	69443847	G	R	99	G	33	12	12	A	31	7	7	19	0.355422	1.00000	1	19803
chr10	69463650	C	Y	33	C	33	3	3	T	34	2	2	5	0.400000	1.00000	1	19803
chr10	69596103	T	Y	99	T	31	20	20	C	33	14	14	34	0.397872	1.00000	1	237
chr10	69596340	C	S	99	C	30	17	17	G	28	14	14	31	0.188560	1.00000	1	237
chr10	69603927	G	R	99	G	32	30	30	A	32	23	23	53	0.604350	1.00000	1	48
chr10	69603975	G	R	99	G	32	34	34	A	32	28	28	62	0.720698	1.00000	1	48
chr10	69604264	C	S	99	C	33	26	26	G	28	18	18	45	0.0130742	1.00000	1	289
chr10	69605065	A	R	99	A	32	12	12	G	34	7	7	19	0.130706	1.00000	1	176
chr10	69605241	T	C	77	C	33	19	19	T	0	0	0	19	1.00000	1.00000	1	176
chr10	69618850	T	C	57	C	33	30	30	T	0	0	0	30	1.00000	1.00000	1	5446
chr10	69624296	G	R	99	A	33	11	11	G	32	5	5	16	0.413462	1.00000	1	850
chr10	69625146	T	W	59	T	33	6	6	A	34	3	3	9	0.0833333	1.00000	1	850
chr10	69629103	G	K	72	G	34	8	8	T	34	3	3	11	0.539394	1.00000	1	145
chr10	69629248	C	M	99	C	31	20	20	A	32	15	15	35	0.293443	1.00000	1	145
chr10	69639992	C	Y	99	T	33	12	12	C	31	9	9	21	0.253938	1.00000	1	8485
chr10	69721816	A	G	45	G	29	18	18	A	0	0	0	18	1.00000	1.00000	1	118
chr10	69721934	A	G	69	G	32	26	26	A	0	0	0	26	1.00000	1.00000	1	118
chr10	69726606	C	T	32	T	34	12	12	C	0	0	0	12	1.00000	1.00000	1	4672
chr10	70075861	A	G	31	G	31	17	17	A	30	1	1	18	1.00000	1.00000	1	96433
chr10	70172294	G	A	74	A	32	84	84	G	0	0	0	84	1.00000	1.00000	1	23303
chr10	70195597	G	A	31	A	34	7	7	G	0	0	0	7	1.00000	1.00000	1	5626
chr10	70201223	C	T	27	T	34	6	6	C	0	0	0	6	1.00000	1.00000	1	5626
chr10	70340782	C	Y	55	T	33	3	3	C	33	2	2	5	0.700000	1.00000	1	3025
chr10	70366719	C	T	63	T	32	24	25	C	0	0	0	25	1.00000	1.04000	1	4231
chr10	70370950	A	R	99	G	32	10	10	A	31	9	11	21	0.421053	1.09524	1	4231
chr10	70526858	G	A	56	A	33	24	24	G	0	0	0	24	1.00000	1.00000	1	35939
chr10	70562797	C	Y	85	T	34	6	6	C	33	3	3	9	0.273810	1.00000	1	29368
chr10	70615846	C	Y	44	C	33	7	7	T	31	3	3	10	0.416667	1.00000	1	5506
chr10	70621352	T	Y	26	C	34	2	2	T	30	2	2	4	0.333333	1.00000	1	5506
chr10	70662670	C	Y	45	T	26	10	10	C	23	3	3	13	0.531469	1.00000	1	251
chr10	70668744	G	A	23	A	33	9	9	G	0	0	0	9	1.00000	1.00000	1	6074
chr10	70680032	T	C	76	C	33	19	19	T	0	0	0	19	1.00000	1.00000	1	349
chr10	70680381	C	Y	99	T	31	41	41	C	30	40	40	81	0.260323	1.00000	1	349
chr10	70688666	T	C	40	C	21	9	9	T	0	0	0	9	1.00000	1.00000	1	8285
chr10	70730616	A	G	53	G	34	8	8	A	0	0	0	8	1.00000	1.00000	1	24
chr10	70812426	G	A	45	A	30	12	12	G	0	0	0	12	1.00000	1.00000	1	72
chr10	70812498	C	Y	54	C	32	10	10	T	21	7	7	17	0.0665364	1.00000	0	72
chr10	70814708	G	A	49	A	30	18	18	G	0	0	0	18	1.00000	1.00000	1	2210
chr10	70914838	C	M	99	A	31	16	16	C	31	12	12	28	0.700427	1.00000	1	69223
chr10	71061544	T	Y	99	C	29	10	10	T	28	8	8	18	0.257393	1.00000	1	83
chr10	71061627	G	R	88	G	28	7	7	A	33	4	4	11	0.393939	1.00000	1	83
chr10	71062501	T	A	36	A	31	7	7	T	0	0	0	7	1.00000	1.00000	1	6
chr10	71062507	G	C	36	C	28	8	8	G	0	0	0	8	1.00000	1.00000	1	6
chr10	71062563	C	T	45	T	30	11	11	C	0	0	0	11	1.00000	1.00000	1	56
chr10	71062698	T	C	88	C	30	41	41	T	0	0	0	41	1.00000	1.00000	1	135
chr10	71550763	A	C	54	C	33	11	11	A	0	0	0	11	1.00000	1.00000	1	34
chr10	71550797	C	S	99	C	31	18	18	G	33	13	13	31	0.270203	1.00000	0	34
chr10	71639068	G	R	39	A	34	11	11	G	34	3	3	14	0.750000	1.00000	1	260
chr10	71639328	T	Y	26	T	33	9	9	C	26	4	4	13	0.355245	1.00000	0	16
chr10	71639344	C	M	99	C	33	11	11	A	31	9	9	20	0.440992	1.00000	0	16
chr10	71660202	G	R	81	A	33	4	4	G	31	3	3	7	0.428571	1.00000	1	20858
chr10	71851466	G	T	56	T	29	14	14	G	0	0	0	14	1.00000	1.00000	1	13979
chr10	71865445	T	Y	78	T	22	7	7	C	34	3	3	11	0.516667	1.00000	1	13979
chr10	71959784	C	Y	99	C	33	14	14	T	31	12	12	26	0.0879517	1.00000	1	4307
chr10	71968637	T	Y	48	C	25	4	4	T	23	3	3	7	0.714286	1.00000	1	4546
chr10	71994149	A	G	68	G	33	16	16	A	0	0	0	16	1.00000	1.00000	1	17165
chr10	72028583	G	R	99	G	33	9	9	A	32	8	8	17	0.605862	1.00000	1	1461
chr10	72030044	G	R	23	G	34	4	4	A	33	2	2	6	0.266667	1.00000	1	21
chr10	72030065	C	Y	43	C	33	5	5	T	34	3	3	8	0.125000	1.00000	1	21
chr10	72166381	A	G	54	G	33	11	11	A	0	0	0	11	1.00000	1.00000	1	4388
chr10	72170769	T	C	61	C	27	18	18	T	0	0	0	18	1.00000	1.00000	1	100
chr10	72170869	C	S	99	G	30	10	10	C	33	8	8	18	0.286302	1.00000	1	100
chr10	72174926	C	Y	29	C	33	2	2	T	31	2	2	4	0.166667	1.00000	1	36
chr10	72187843	C	T	25	T	33	7	7	C	0	0	0	7	1.00000	1.00000	1	12881
chr10	72202244	T	C	59	C	33	22	22	T	0	0	0	22	1.00000	1.00000	1	1672
chr10	72203916	C	T	28	T	31	5	5	C	0	0	0	5	1.00000	1.00000	1	1097
chr10	72205013	C	T	49	T	27	17	17	C	0	0	0	17	1.00000	1.00000	1	1097
chr10	72289211	C	T	57	T	32	12	12	C	0	0	0	12	1.00000	1.00000	1	1949
chr10	72714388	T	A	44	A	33	8	8	T	0	0	0	8	1.00000	1.00000	1	31
chr10	72714419	G	C	51	C	32	17	17	G	0	0	0	17	1.00000	1.00000	1	31
chr10	72714586	G	A	25	A	19	13	13	G	0	0	0	13	1.00000	1.00000	1	167
chr10	72752569	A	R	99	A	31	39	39	G	25	31	31	70	0.0277196	1.00000	1	21341
chr10	72773910	C	S	99	C	33	15	15	G	33	9	9	24	0.158774	1.00000	1	152
chr10	72774062	A	R	99	G	28	14	14	A	21	14	14	29	0.511092	1.00000	1	152
chr10	72785947	T	Y	99	T	28	20	20	C	29	18	18	38	0.690398	1.00000	1	1
chr10	72785948	G	R	99	G	31	20	20	A	29	16	16	37	0.629670	1.00000	1	1
chr10	72791919	A	G	62	G	30	22	22	A	0	0	0	22	1.00000	1.00000	1	32
chr10	72791951	T	C	63	C	31	23	23	T	0	0	0	23	1.00000	1.00000	1	32
chr10	73190638	A	C	42	C	30	11	11	A	0	0	0	11	1.00000	1.00000	1	739
chr10	73191377	C	Y	86	T	32	4	4	C	29	4	4	8	0.442857	1.00000	1	739
chr10	73492513	C	Y	80	T	32	5	5	C	18	6	6	11	0.331169	1.00000	1	4785
chr10	73497298	A	R	73	A	25	4	4	G	33	3	3	7	0.314286	1.00000	1	4785
chr10	73640457	G	K	99	T	31	7	7	G	33	4	4	11	0.768182	1.00000	1	130191
chr10	73770648	G	R	82	G	33	5	5	A	30	4	4	9	0.547619	1.00000	1	130191
chr10	74818073	T	Y	99	T	34	9	9	C	34	9	9	18	0.750000	1.00000	0	439762
chr10	75535071	G	A	56	A	31	34	34	C	2	2	2	36	1.00000	1.00000	1	1864
chr10	75536935	C	A	57	A	31	23	23	C	0	0	0	23	1.00000	1.00000	1	1864
chr10	75541741	C	G	57	G	28	26	26	C	0	0	0	26	1.00000	1.00000	1	2157
chr10	75543898	C	T	45	T	30	17	17	C	0	0	0	17	1.00000	1.00000	1	2157
chr10	76099876	T	C	39	C	34	10	10	T	0	0	0	10	1.00000	1.00000	1	271693
chr10	76524570	C	T	37	T	31	7	7	C	0	0	0	7	1.00000	1.00000	1	762
chr10	76525332	A	R	99	G	30	9	9	A	29	9	9	18	0.564521	1.00000	1	86
chr10	76525418	G	R	99	G	33	11	11	A	32	7	7	18	0.164153	1.00000	1	9
chr10	76525427	G	R	99	A	33	13	13	G	33	9	9	22	0.736979	1.00000	1	9
chr10	76531686	T	C	28	C	32	4	4	T	0	0	0	4	1.00000	1.00000	1	6259
chr10	78399675	A	G	56	G	32	9	9	A	0	0	0	9	1.00000	1.00000	1	49065
chr10	78448740	G	R	46	A	33	8	8	G	34	2	2	10	0.444444	1.00000	1	49065
chr10	78538210	G	R	53	A	33	5	5	G	34	2	2	7	0.428571	1.00000	1	76386
chr10	78614596	G	R	99	G	33	33	33	A	32	22	22	55	0.496603	1.00000	1	76386
chr10	79222157	T	Y	99	C	33	8	8	T	31	5	5	13	0.608780	1.00000	1	1522
chr10	79223679	T	Y	99	C	33	6	6	T	33	5	5	11	0.268398	1.00000	1	1522
chr10	79254184	G	S	99	G	24	17	17	C	30	11	11	28	0.321749	1.00000	1	5131
chr10	79259910	C	Y	99	T	33	16	16	C	33	9	9	25	0.639857	1.00000	0	5513
chr10	79286570	G	R	99	A	27	8	8	G	27	6	6	14	0.762571	1.00000	0	41
chr10	79286611	T	C	58	C	28	17	17	T	0	0	0	17	1.00000	1.00000	1	41
chr10	79298881	A	R	79	A	28	12	12	G	33	4	4	16	0.130769	1.00000	1	12270
chr10	79463694	C	T	60	T	25	33	33	C	0	0	0	33	1.00000	1.00000	1	9421
chr10	80730480	T	Y	69	T	33	8	8	C	34	3	3	11	0.730303	1.00000	1	4727
chr10	80735780	G	T	20	T	30	4	4	G	0	0	0	4	1.00000	1.00000	1	386
chr10	81691702	T	Y	99	C	30	20	20	T	31	12	12	32	0.343582	1.00000	1	4602
chr10	81696304	A	R	99	G	27	8	8	A	25	8	8	16	0.360451	1.00000	1	4602
chr10	81831672	G	T	50	T	30	27	27	G	0	0	0	27	1.00000	1.00000	1	60030
chr10	81894618	G	R	45	G	34	2	2	A	22	3	3	5	0.200000	1.00000	1	2916
chr10	81907688	A	R	99	G	31	24	24	A	33	16	16	40	0.663101	1.00000	1	5497
chr10	81913185	T	K	99	T	32	10	10	G	29	8	8	18	0.0728552	1.00000	1	2591
chr10	81916682	G	R	57	A	25	7	7	G	31	3	3	10	0.191667	1.00000	1	902
chr10	82023574	G	R	99	G	32	10	10	A	30	10	10	20	0.632212	1.00000	1	668
chr10	82024242	G	R	99	A	27	31	31	G	31	21	21	52	0.542258	1.00000	1	580
chr10	82024822	A	R	59	A	34	5	5	G	34	2	2	7	0.642857	1.00000	1	12
chr10	82024834	T	Y	61	T	33	4	4	C	34	2	2	6	0.400000	1.00000	1	12
chr10	82030032	A	R	99	A	27	7	7	G	32	4	4	11	0.631818	1.00000	1	44
chr10	82030076	C	Y	62	T	31	4	4	C	31	3	3	7	0.571429	1.00000	0	44
chr10	82030326	A	R	73	G	33	7	7	A	34	4	4	11	0.393939	1.00000	1	250
chr10	82033556	G	R	78	G	33	6	6	A	34	3	3	9	0.726190	1.00000	1	3230
chr10	82181623	A	R	40	G	34	3	3	A	34	2	2	5	0.600000	1.00000	1	57465
chr10	82254403	G	A	44	A	32	31	31	G	0	0	0	31	1.00000	1.00000	1	15315
chr10	84615087	C	T	49	T	32	13	13	C	0	0	0	13	1.00000	1.00000	1	1311053
chr10	85926140	T	Y	99	C	33	8	8	T	34	6	6	14	0.245421	1.00000	1	21296
chr10	85950276	C	Y	40	C	33	4	4	T	34	2	2	6	0.400000	1.00000	1	99
chr10	85950375	A	R	36	A	32	7	7	G	33	2	2	9	0.722222	1.00000	1	99
chr10	85964216	T	Y	66	T	30	10	10	C	32	4	4	14	0.0755245	1.00000	1	7565
chr10	85971781	T	K	99	T	29	23	23	G	31	9	9	32	0.434654	1.00000	1	41
chr10	85971822	A	R	52	A	24	8	8	G	34	3	3	11	0.0424242	1.00000	1	41
chr10	85971869	G	R	99	A	29	7	7	G	33	5	5	12	0.550505	1.00000	1	47
chr10	85974303	G	R	99	G	32	29	29	A	30	20	20	49	0.586883	1.00000	1	100
chr10	85974403	C	Y	99	T	28	17	17	C	31	14	14	31	0.384609	1.00000	1	100
chr10	85974703	G	R	37	G	33	9	9	A	23	3	3	12	0.118182	1.00000	1	300
chr10	85982458	T	Y	99	T	25	13	13	C	32	9	9	22	0.277793	1.00000	1	33
chr10	85982491	T	Y	99	T	22	10	10	C	33	5	5	15	0.551615	1.00000	1	33
chr10	85983816	A	G	50	G	31	7	7	T	2	1	1	8	1.00000	1.00000	1	74
chr10	85983890	G	R	58	A	26	12	12	G	32	3	3	15	0.658242	1.00000	1	74
chr10	85984122	A	R	35	G	32	11	11	A	25	3	3	14	0.329670	1.00000	1	232
chr10	85994853	T	Y	44	T	32	4	4	C	23	3	3	7	0.428571	1.00000	1	7623
chr10	86002693	C	Y	99	T	33	17	17	C	28	12	12	29	0.592456	1.00000	1	7840
chr10	86175634	T	G	71	G	33	21	21	T	0	0	0	21	1.00000	1.00000	1	172941
chr10	88193048	T	C	67	C	32	30	30	T	0	0	0	30	1.00000	1.00000	1	10536
chr10	88203584	A	R	83	G	33	7	7	A	30	4	4	11	0.0818182	1.00000	1	7262
chr10	88220854	G	A	31	A	34	7	7	G	0	0	0	7	1.00000	1.00000	1	2754
chr10	88223608	C	S	48	C	32	5	5	G	34	2	2	7	0.428571	1.00000	1	2754
chr10	88246923	C	T	24	T	33	9	9	C	0	0	0	9	1.00000	1.00000	1	20514
chr10	88267437	C	Y	99	C	33	20	20	T	32	17	17	37	0.298988	1.00000	1	20514
chr10	88404550	G	R	85	A	30	4	4	G	33	3	3	7	0.600000	1.00000	1	3154
chr10	88639743	C	Y	29	C	33	9	9	T	34	2	2	11	0.454545	1.00000	1	52587
chr10	88692330	G	C	50	C	34	7	7	G	0	0	0	7	1.00000	1.00000	1	2956
chr10	88695286	T	K	24	T	32	2	2	G	26	2	2	4	0.166667	1.00000	1	2956
chr10	88709769	C	S	37	G	31	3	3	C	18	2	2	5	0.600000	1.00000	1	1353
chr10	88712378	A	W	29	A	28	7	7	T	32	2	2	9	0.777778	1.00000	1	260
chr10	88712638	C	M	23	C	32	2	2	A	32	2	2	4	0.666667	1.00000	0	260
chr10	88920229	A	T	54	T	31	22	22	A	0	0	0	22	1.00000	1.00000	1	9713
chr10	90064120	G	R	86	G	34	7	7	A	34	4	4	11	0.536364	1.00000	1	5
chr10	90064125	A	R	99	A	34	10	10	G	34	5	5	15	0.523477	1.00000	1	5
chr10	90332817	C	S	99	C	28	16	16	G	25	12	12	28	0.700427	1.00000	1	13761
chr10	90346578	A	G	41	G	32	5	5	A	0	0	0	5	1.00000	1.00000	1	13761
chr10	90419632	A	R	62	G	21	7	7	A	31	3	3	10	0.258333	1.00000	1	8555
chr10	90428187	A	R	99	A	29	36	36	G	29	24	24	64	0.437550	1.00000	1	8555
chr10	90578253	C	Y	57	T	32	4	4	C	34	2	2	6	0.400000	1.00000	1	85978
chr10	90664231	A	M	99	C	32	10	10	A	32	9	9	19	0.665180	1.00000	1	6797
chr10	90671028	C	Y	99	T	31	15	15	C	34	11	11	26	0.206499	1.00000	1	6797
chr10	90757375	G	C	30	C	34	4	4	G	0	0	0	4	1.00000	1.00000	1	3044
chr10	90760419	C	S	99	G	33	21	21	C	32	10	10	31	0.0735173	1.00000	1	1390
chr10	90761809	T	Y	99	C	33	11	11	T	33	11	11	22	0.349677	1.00000	1	1390
chr10	90956526	C	Y	99	C	28	48	48	T	26	42	42	90	0.204701	1.00000	1	450
chr10	90974767	T	G	28	G	26	7	7	T	0	0	0	7	1.00000	1.00000	1	203
chr10	90997340	T	G	39	G	32	16	16	T	0	0	0	16	1.00000	1.00000	1	22370
chr10	91088857	G	R	99	G	33	23	23	A	33	22	22	45	0.665243	1.00000	1	810
chr10	91127806	T	Y	99	T	33	12	12	C	32	10	10	22	0.410602	1.00000	1	5703
chr10	91133509	T	W	99	T	26	15	15	A	30	9	9	24	0.553807	1.00000	1	5703
chr10	91152477	A	G	69	G	31	31	31	A	0	0	0	31	1.00000	1.00000	1	180
chr10	91152657	C	Y	99	T	34	13	13	C	34	8	8	21	0.322601	1.00000	1	180
chr10	91167980	C	T	93	T	32	57	57	C	0	0	0	57	1.00000	1.00000	1	15323
chr10	91338332	T	K	99	G	34	12	12	T	33	6	6	18	0.308231	1.00000	1	4614
chr10	91342946	G	A	85	A	30	46	46	C	2	1	1	47	1.00000	1.00000	1	4614
chr10	91361425	C	M	54	C	34	5	5	A	22	3	3	8	0.160714	1.00000	1	1
chr10	91458905	C	S	99	C	34	7	7	G	33	7	7	14	0.129662	1.00000	1	18724
chr10	91478959	A	W	99	T	34	6	6	A	34	4	4	10	0.542857	1.00000	1	1330
chr10	91488107	T	C	71	C	33	18	18	T	0	0	0	18	1.00000	1.00000	1	9148
chr10	91512585	G	C	42	C	33	8	8	G	0	0	0	8	1.00000	1.00000	1	5765
chr10	92662544	T	C	22	C	32	6	6	T	0	0	0	6	1.00000	1.00000	1	327647
chr10	92990191	G	R	99	G	34	6	6	A	34	6	6	12	0.531385	1.00000	1	327647
chr10	93706879	G	C	34	C	32	4	4	G	0	0	0	4	1.00000	1.00000	1	50898
chr10	93831207	A	G	80	G	32	21	21	A	0	0	0	21	1.00000	1.00000	1	10487
chr10	93841694	T	Y	99	C	33	9	9	T	34	5	5	14	0.398601	1.00000	1	10487
chr10	93989830	A	R	43	G	34	2	2	A	34	2	2	4	0.333333	1.00000	1	148136
chr10	94359042	T	W	74	T	33	3	3	A	31	3	3	6	0.500000	1.00000	1	225503
chr10	94584545	G	A	54	A	32	27	27	G	0	0	0	27	1.00000	1.00000	1	100990
chr10	94685597	C	T	34	T	33	4	4	C	0	0	0	4	1.00000	1.00000	1	62
chr10	94812676	C	T	34	T	29	21	21	G	2	1	1	23	1.00000	1.00000	0	88903
chr10	95252971	A	G	91	G	32	36	36	A	0	0	0	36	1.00000	1.00000	1	3702
chr10	95256673	A	R	45	G	32	5	5	A	34	2	2	7	0.285714	1.00000	1	3702
chr10	95266663	G	A	49	A	33	15	15	G	0	0	0	15	1.00000	1.00000	1	2833
chr10	95269496	A	T	55	T	32	26	26	A	0	0	0	26	1.00000	1.00000	1	2833
chr10	95336928	G	R	99	A	32	14	14	G	32	13	13	27	0.259297	1.00000	1	59
chr10	95343807	C	S	99	C	31	16	16	G	33	13	13	29	0.678393	1.00000	1	6210
chr10	95384445	T	C	41	C	34	4	4	T	0	0	0	4	1.00000	1.00000	1	792
chr10	95385237	A	R	70	G	33	4	4	A	33	3	3	7	0.428571	1.00000	1	117
chr10	95385354	C	S	99	C	33	9	9	G	34	4	4	13	0.412587	1.00000	1	117
chr10	95395804	C	M	80	A	33	14	14	C	34	4	4	18	0.163725	1.00000	1	10450
chr10	95433678	C	S	61	G	33	3	3	C	34	2	2	5	0.400000	1.00000	1	1243
chr10	95434921	T	K	60	G	34	5	5	T	34	2	2	7	0.571429	1.00000	1	1243
chr10	95444671	G	S	61	C	34	3	3	G	34	2	2	5	0.600000	1.00000	1	3311
chr10	95447982	A	R	23	A	34	4	4	G	33	2	2	6	0.266667	1.00000	1	149
chr10	95448131	A	R	99	A	33	11	11	G	31	6	6	17	0.665118	1.00000	1	149
chr10	95449807	C	T	29	T	33	13	13	C	17	1	1	14	1.00000	1.00000	1	1676
chr10	95542643	T	C	77	C	33	19	19	T	0	0	0	19	1.00000	1.00000	1	272
chr10	95542915	T	Y	88	T	34	6	6	C	34	4	4	10	0.542857	1.00000	1	272
chr10	96303950	A	C	22	C	33	4	4	A	0	0	0	4	1.00000	1.00000	1	8444
chr10	96312394	G	A	32	A	33	7	7	G	0	0	0	7	1.00000	1.00000	1	8444
chr10	96483048	C	Y	99	C	33	24	24	T	33	19	19	43	0.714001	1.00000	1	29307
chr10	96512355	T	Y	69	C	33	5	5	T	33	3	3	8	0.696429	1.00000	1	196
chr10	96512551	T	Y	99	C	34	7	8	T	27	6	6	14	0.0174825	1.07143	1	196
chr10	96525114	A	R	99	A	30	15	23	G	31	14	18	42	0.310433	1.30952	1	6492
chr10	96531606	G	R	78	A	33	4	4	G	34	3	3	7	0.714286	1.00000	1	6492
chr10	96570192	C	S	97	C	34	9	9	G	33	4	4	13	0.625874	1.00000	1	62
chr10	96592612	C	Y	99	T	28	34	34	C	33	26	26	60	0.575568	1.00000	1	1
chr10	96592613	G	R	99	G	27	34	34	A	31	26	26	60	0.632218	1.00000	1	1
chr10	96721778	A	R	46	G	31	5	5	A	34	2	2	7	0.285714	1.00000	1	9265
chr10	96731043	A	M	99	C	30	37	37	A	33	29	29	66	0.189825	1.00000	1	7442
chr10	96738727	A	W	99	T	31	47	47	A	32	42	42	89	0.433103	1.00000	1	242
chr10	96792588	A	T	71	T	33	23	23	A	0	0	0	23	1.00000	1.00000	1	53861
chr10	96960351	A	C	24	C	33	11	11	A	0	0	0	11	1.00000	1.00000	1	9143
chr10	97013620	T	Y	81	T	30	14	14	C	33	5	5	19	0.574389	1.00000	1	78
chr10	97064877	T	Y	99	C	33	10	10	T	34	6	6	16	0.156593	1.00000	1	24332
chr10	97096155	T	C	50	C	33	14	14	T	0	0	0	14	1.00000	1.00000	1	4714
chr10	97117452	C	A	27	A	33	5	5	C	0	0	0	5	1.00000	1.00000	1	16471
chr10	97133923	A	W	99	A	33	17	17	T	31	18	18	35	0.341829	1.00000	0	10749
chr10	97144672	A	T	74	T	33	27	27	A	0	0	0	27	1.00000	1.00000	0	16
chr10	97144688	G	A	62	A	33	29	29	G	0	0	0	29	1.00000	1.00000	1	16
chr10	97182314	A	G	99	G	32	54	54	A	0	0	0	54	1.00000	1.00000	1	37626
chr10	97359929	C	Y	99	C	31	16	16	T	33	11	11	27	0.620218	1.00000	1	1050
chr10	97360979	T	W	99	T	31	19	19	A	31	16	16	35	0.746741	1.00000	1	1050
chr10	97430384	T	Y	48	T	34	4	4	C	23	3	3	7	0.314286	1.00000	1	1914
chr10	97589527	G	S	99	C	32	20	20	G	28	20	20	40	0.710253	1.00000	0	2554
chr10	97592081	T	C	50	C	33	16	16	T	0	0	0	16	1.00000	1.00000	1	2266
chr10	97594347	A	R	22	A	29	9	9	G	9	12	12	21	0.500003	1.00000	0	700
chr10	97597155	G	R	99	G	33	13	13	A	33	7	7	20	0.633888	1.00000	1	2108
chr10	97980573	A	G	56	G	31	18	18	A	0	0	0	18	1.00000	1.00000	1	87544
chr10	98068117	C	T	46	T	34	8	8	C	0	0	0	8	1.00000	1.00000	1	112
chr10	98068229	A	G	66	G	31	22	22	A	0	0	0	22	1.00000	1.00000	1	112
chr10	98078377	A	C	30	C	34	4	4	A	0	0	0	4	1.00000	1.00000	1	10148
chr10	98134302	G	A	38	A	33	14	14	G	0	0	0	14	1.00000	1.00000	1	5672
chr10	98230025	A	T	56	T	32	20	20	A	0	0	0	20	1.00000	1.00000	1	10
chr10	98230035	C	Y	99	T	33	14	14	C	32	11	11	25	0.467882	1.00000	1	10
chr10	98277084	T	A	43	A	33	7	7	T	0	0	0	7	1.00000	1.00000	1	32273
chr10	98370267	C	T	47	T	22	17	17	G	14	1	1	18	1.00000	1.00000	1	6156
chr10	98376423	C	A	26	A	33	10	10	C	0	0	0	10	1.00000	1.00000	1	125
chr10	98376548	G	A	92	A	31	52	52	G	0	0	0	52	1.00000	1.00000	1	125
chr10	98401283	G	R	99	G	33	16	16	A	32	12	12	28	0.239010	1.00000	1	392
chr10	98406523	C	Y	59	T	31	8	8	C	34	3	3	11	0.0969697	1.00000	1	5240
chr10	98459683	C	Y	99	C	27	13	13	T	32	6	6	19	0.449138	1.00000	1	53160
chr10	98798856	C	G	55	G	29	12	12	C	0	0	0	12	1.00000	1.00000	1	11515
chr10	98810518	C	S	36	G	28	3	3	C	18	2	2	5	0.400000	1.00000	1	11662
chr10	98979444	A	R	64	G	33	5	5	A	34	3	3	8	0.392857	1.00000	1	14159
chr10	99009167	A	R	99	A	33	45	45	G	31	31	31	76	0.340091	1.00000	1	15564
chr10	99108372	T	Y	99	T	33	7	7	C	24	7	7	14	0.104312	1.00000	1	7387
chr10	99115778	G	S	75	G	33	7	7	C	34	3	3	10	0.416667	1.00000	1	19
chr10	99116503	C	Y	99	T	33	7	7	C	33	6	6	13	0.527389	1.00000	1	725
chr10	99120117	A	R	73	G	34	4	4	A	33	3	3	7	0.314286	1.00000	1	155
chr10	99120272	T	K	99	T	25	12	12	G	33	8	8	20	0.514345	1.00000	1	155
chr10	99131195	A	R	68	A	32	4	4	G	34	3	3	7	0.557143	1.00000	1	689
chr10	99137965	T	Y	99	T	30	12	12	C	32	9	9	21	0.486136	1.00000	1	176
chr10	99138141	A	R	95	G	32	5	5	A	34	4	4	9	0.206349	1.00000	1	176
chr10	99140227	G	R	40	A	30	8	8	G	19	4	4	12	0.0363636	1.00000	1	2086
chr10	99145974	G	R	99	A	33	7	7	G	34	5	5	12	0.377525	1.00000	1	3979
chr10	99149953	C	S	59	G	23	3	3	C	34	2	2	5	0.200000	1.00000	1	83
chr10	99150036	C	Y	52	T	33	3	3	C	33	2	2	5	0.600000	1.00000	1	83
chr10	99150142	A	R	99	A	32	9	9	G	33	8	8	17	0.240354	1.00000	1	106
chr10	99150955	A	R	99	A	32	23	23	G	33	17	17	40	0.691516	1.00000	1	813
chr10	99195721	A	R	99	A	33	14	14	G	28	12	12	26	0.744961	1.00000	1	10701
chr10	99361137	A	R	46	A	32	3	3	G	33	2	2	5	0.600000	1.00000	1	197
chr10	99361334	C	M	99	C	29	13	13	A	29	8	8	21	0.728883	1.00000	1	197
chr10	99366082	T	Y	69	C	32	16	16	T	28	5	5	21	0.588481	1.00000	1	60
chr10	99366142	A	R	99	G	33	13	13	A	33	6	6	19	0.724569	1.00000	1	60
chr10	99366833	A	C	34	C	34	4	4	A	0	0	0	4	1.00000	1.00000	1	691
chr10	99400780	T	Y	99	T	28	20	20	C	30	12	12	32	0.329558	1.00000	1	11858
chr10	99412638	A	R	57	G	33	16	16	A	23	6	6	22	0.115395	1.00000	1	11858
chr10	99427812	A	R	99	G	33	11	11	A	34	5	5	16	0.220467	1.00000	1	1719
chr10	99429531	G	C	27	C	33	7	7	G	0	0	0	7	1.00000	1.00000	1	1719
chr10	99488224	G	R	99	A	31	22	22	G	31	22	22	44	0.253648	1.00000	1	6361
chr10	99494585	G	R	99	A	30	11	11	G	25	9	9	20	0.550342	1.00000	0	35
chr10	99494620	G	K	99	G	33	6	6	T	31	5	5	11	0.465368	1.00000	1	35
chr10	99500058	G	K	71	G	27	11	11	T	34	3	3	14	0.614011	1.00000	1	5438
chr10	99506945	G	R	39	G	30	4	4	A	34	2	2	6	0.266667	1.00000	1	400
chr10	99507345	A	R	60	A	34	4	4	G	31	3	3	7	0.314286	1.00000	1	400
chr10	99672971	T	C	44	C	31	9	9	T	0	0	0	9	1.00000	1.00000	1	164080
chr10	99958660	A	R	99	G	32	26	26	A	34	16	16	42	0.187859	1.00000	1	898
chr10	99959558	A	G	83	G	32	68	68	A	0	0	0	68	1.00000	1.00000	1	898
chr10	99981398	A	G	91	G	32	36	36	A	0	0	0	36	1.00000	1.00000	1	20603
chr10	100007443	T	G	47	G	33	24	24	T	0	0	0	24	1.00000	1.00000	1	1391
chr10	100012436	A	G	46	G	27	10	10	A	0	0	0	10	1.00000	1.00000	1	3602
chr10	100136885	T	Y	99	C	33	6	6	T	33	5	5	11	0.465368	1.00000	1	165
chr10	100137050	A	R	99	A	33	12	12	G	33	10	10	22	0.361171	1.00000	1	37
chr10	100137087	G	R	61	G	28	5	5	A	34	3	3	8	0.125000	1.00000	1	37
chr10	100138048	T	Y	67	T	34	3	3	C	33	3	3	6	0.350000	1.00000	1	54
chr10	100146980	T	W	46	A	34	2	2	T	32	2	2	4	0.333333	1.00000	1	8814
chr10	100157386	G	R	99	A	30	8	8	G	27	6	6	14	0.712954	1.00000	1	74
chr10	100164711	T	Y	99	T	27	15	15	C	26	10	10	25	0.341476	1.00000	1	3959
chr10	100172275	T	Y	27	T	29	10	10	C	34	2	2	12	0.242424	1.00000	1	1777
chr10	100174052	C	M	46	C	33	10	10	A	33	3	3	13	0.765734	1.00000	1	1
chr10	100174053	C	S	24	C	29	11	11	G	34	2	2	13	0.256410	1.00000	1	1
chr10	100180910	G	R	36	A	33	7	7	G	33	2	2	9	0.555556	1.00000	1	656
chr10	101463208	A	G	41	G	34	10	10	A	0	0	0	10	1.00000	1.00000	1	29750
chr10	101492958	A	R	99	G	31	25	25	A	28	27	27	52	0.717550	1.00000	1	29750
chr10	101534437	A	T	94	T	30	53	53	A	0	0	0	53	1.00000	1.00000	1	7455
chr10	101541892	C	T	43	T	34	7	7	C	0	0	0	7	1.00000	1.00000	1	1357
chr10	101543249	C	Y	99	C	28	25	25	T	31	14	14	39	0.674069	1.00000	1	1357
chr10	101554002	C	S	99	C	33	18	18	G	33	12	12	30	0.475090	1.00000	0	10753
chr10	101594197	C	Y	99	C	32	7	7	T	27	7	7	14	0.701195	1.00000	1	27247
chr10	101629786	G	R	99	A	33	25	25	G	31	20	20	45	0.150950	1.00000	1	81
chr10	101629867	A	M	99	A	32	12	12	C	33	8	8	20	0.595936	1.00000	1	81
chr10	101644686	T	Y	99	C	30	14	14	T	33	9	9	23	0.184290	1.00000	1	1286
chr10	101645972	G	R	99	G	33	7	7	A	34	5	5	12	0.537247	1.00000	1	1286
chr10	101647870	G	R	99	A	33	16	16	G	33	13	13	29	0.728521	1.00000	1	705
chr10	101648575	T	Y	99	T	34	7	7	C	33	6	6	13	0.117133	1.00000	1	705
chr10	101657782	C	Y	99	C	34	15	15	T	34	11	11	26	0.626637	1.00000	1	22
chr10	101657804	A	R	99	A	33	12	12	G	33	7	7	19	0.450901	1.00000	1	22
chr10	101831143	A	G	55	G	28	14	14	A	0	0	0	14	1.00000	1.00000	1	139306
chr10	102046960	A	G	29	G	30	12	12	A	0	0	0	12	1.00000	1.00000	1	2
chr10	102046962	G	T	28	T	24	12	12	G	0	0	0	12	1.00000	1.00000	1	2
chr10	102078896	C	T	42	T	34	10	10	C	0	0	0	10	1.00000	1.00000	1	18345
chr10	102097241	C	S	50	C	27	5	5	G	33	2	2	7	0.428571	1.00000	1	9060
chr10	102106301	A	M	99	C	29	8	8	A	32	5	5	13	0.471639	1.00000	1	9060
chr10	102212815	T	Y	40	T	34	4	4	C	34	2	2	6	0.600000	1.00000	1	132
chr10	102212947	G	S	99	C	30	27	27	G	29	15	15	42	0.719086	1.00000	1	132
chr10	102237398	C	M	99	A	27	8	8	C	20	7	7	15	0.653147	1.00000	1	118
chr10	102237516	G	S	99	G	33	8	8	C	31	7	7	15	0.0759907	1.00000	1	118
chr10	102248429	C	Y	99	T	32	18	18	C	32	16	16	34	0.655309	1.00000	1	6744
chr10	102255173	G	R	99	G	31	47	47	A	30	36	36	83	0.115241	1.00000	1	632
chr10	102255805	A	R	99	A	24	19	19	G	31	12	12	31	0.538006	1.00000	1	32
chr10	102255837	A	M	99	C	30	15	15	A	25	13	13	28	0.722967	1.00000	1	32
chr10	102259075	C	M	99	A	26	9	9	C	32	7	7	16	0.634003	1.00000	1	121
chr10	102259196	A	R	96	G	34	6	6	A	33	4	4	10	0.304762	1.00000	1	121
chr10	102265770	A	R	99	A	30	11	11	G	30	10	10	21	0.378222	1.00000	1	6574
chr10	102279068	C	M	99	A	33	7	7	C	34	5	5	12	0.377525	1.00000	1	6758
chr10	102496093	C	M	54	A	33	2	2	C	31	2	2	4	0.583333	1.00000	1	33
chr10	102558973	A	M	99	C	30	11	11	A	23	12	12	23	0.0219396	1.00000	1	15614
chr10	102574587	G	R	99	G	31	13	13	A	29	12	12	25	0.537968	1.00000	1	15614
chr10	102674370	C	M	99	A	33	19	19	C	31	19	19	38	0.364557	1.00000	1	1204
chr10	102679207	T	Y	99	C	31	5	5	T	34	4	4	9	0.206349	1.00000	1	287
chr10	102722803	A	M	99	A	28	17	17	C	25	12	12	29	0.439411	1.00000	1	1965
chr10	102724768	C	S	55	G	33	4	4	C	34	2	2	6	0.400000	1.00000	1	1965
chr10	102728541	A	R	99	G	33	8	8	A	29	7	7	15	0.633955	1.00000	0	1720
chr10	102736493	C	Y	99	C	32	15	15	T	29	10	10	25	0.0887477	1.00000	1	4118
chr10	102740611	C	Y	99	C	32	54	54	T	33	27	27	81	0.440273	1.00000	1	2
chr10	102740613	T	Y	99	T	32	57	57	C	32	28	28	87	0.206636	1.00000	1	2
chr10	102756564	A	R	44	G	34	2	2	A	33	2	2	4	0.333333	1.00000	1	4318
chr10	102773668	T	Y	99	C	33	17	17	T	32	7	7	24	0.713124	1.00000	1	533
chr10	102786764	C	Y	96	T	31	5	5	C	31	4	4	9	0.365079	1.00000	1	4479
chr10	103288089	G	K	99	T	32	7	7	G	30	4	4	12	0.263636	1.00000	1	243849
chr10	103532949	C	S	68	G	26	4	4	C	34	2	2	6	0.400000	1.00000	1	1
chr10	103532950	C	S	68	G	26	4	4	C	34	2	2	6	0.400000	1.00000	1	1
chr10	103540594	T	Y	33	T	32	4	4	C	33	2	2	6	0.633333	1.00000	1	7644
chr10	103577542	G	R	99	A	32	8	8	G	29	8	8	16	0.699611	1.00000	1	14330
chr10	103890719	G	R	99	A	32	28	28	G	33	21	21	49	0.220099	1.00000	0	19443
chr10	103910465	T	Y	68	C	33	4	4	T	22	3	3	7	0.600000	1.00000	1	303
chr10	104116178	C	Y	99	T	31	21	21	C	32	13	13	34	0.548153	1.00000	0	983
chr10	104117161	G	A	36	A	31	8	8	G	0	0	0	8	1.00000	1.00000	1	983
chr10	104118944	T	A	72	A	31	47	47	T	2	1	1	48	1.00000	1.00000	1	1783
chr10	104126202	A	R	99	G	33	30	30	A	32	23	23	53	0.281397	1.00000	0	257
chr10	104126459	T	C	82	C	33	32	32	T	0	0	0	32	1.00000	1.00000	1	257
chr10	104128986	C	Y	99	T	33	14	14	C	31	13	13	27	0.564710	1.00000	0	2527
chr10	104154478	G	R	54	A	33	9	9	G	23	3	3	12	0.300000	1.00000	1	25492
chr10	104219775	C	T	43	T	32	22	22	C	0	0	0	22	1.00000	1.00000	1	1269
chr10	104221044	A	G	29	G	33	9	9	A	0	0	0	9	1.00000	1.00000	1	1269
chr10	104222706	G	A	57	A	32	32	32	G	0	0	0	32	1.00000	1.00000	1	1662
chr10	104231673	G	T	24	T	27	13	13	G	0	0	0	13	1.00000	1.00000	1	8595
chr10	104240268	A	G	44	G	30	18	18	A	0	0	0	18	1.00000	1.00000	1	8595
chr10	104346812	A	G	26	G	31	11	11	A	0	0	0	11	1.00000	1.00000	1	30197
chr10	104377009	T	C	90	C	30	41	41	T	0	0	0	41	1.00000	1.00000	1	2913
chr10	104405811	A	R	30	A	29	8	8	G	25	4	4	12	0.670707	1.00000	1	3
chr10	104476294	G	S	48	G	28	6	6	C	34	2	2	8	0.321429	1.00000	1	2707
chr10	104562266	A	R	99	A	33	12	12	G	33	11	11	23	0.696487	1.00000	1	19117
chr10	104581383	G	K	99	T	32	21	21	G	31	16	16	37	0.705091	1.00000	1	856
chr10	104582239	A	M	57	A	32	4	4	C	34	3	3	7	0.200000	1.00000	1	426
chr10	104584497	A	R	99	G	33	22	22	A	33	16	16	38	0.459298	1.00000	1	1832
chr10	104586914	C	A	33	A	33	9	9	G	2	1	1	10	1.00000	1.00000	1	57
chr10	104586971	G	A	24	A	25	6	6	G	0	0	0	6	1.00000	1.00000	1	57
chr10	104839458	G	A	28	A	25	10	10	G	0	0	0	10	1.00000	1.00000	1	1152
chr10	104840610	A	M	99	C	34	15	15	A	34	7	7	22	0.750000	1.00000	1	12
chr10	104840622	G	A	65	A	34	20	20	G	0	0	0	20	1.00000	1.00000	1	12
chr10	104841275	G	R	89	G	34	4	4	A	33	4	4	8	0.342857	1.00000	1	16
chr10	104841291	G	K	99	G	34	6	6	T	34	6	6	12	0.531385	1.00000	1	16
chr10	104841386	G	K	67	G	33	6	6	T	34	3	3	9	0.273810	1.00000	1	95
chr10	104845646	T	C	47	C	33	14	14	T	0	0	0	14	1.00000	1.00000	1	14
chr10	104845660	G	R	73	G	33	10	10	A	33	4	4	14	0.317682	1.00000	1	14
chr10	104924699	T	Y	99	C	32	18	18	T	33	15	15	33	0.621491	1.00000	1	79039
chr10	105036722	G	R	99	A	33	6	6	G	34	5	5	11	0.561688	1.00000	1	43
chr10	105169204	C	Y	35	C	34	3	3	T	29	2	2	5	0.600000	1.00000	1	14872
chr10	105184076	C	Y	27	C	29	14	14	T	18	4	4	18	0.0633987	1.00000	1	7479
chr10	105191555	G	R	71	G	32	9	9	A	29	4	4	13	0.165035	1.00000	1	12
chr10	105191567	C	Y	51	C	32	10	10	T	33	3	3	13	0.405594	1.00000	1	12
chr10	105194443	C	S	99	G	27	15	15	C	22	11	11	26	0.0268581	1.00000	1	1
chr10	105194444	T	Y	99	C	22	14	14	T	24	10	10	25	0.609154	1.00000	1	1
chr10	105195292	A	M	99	A	33	18	18	C	33	13	13	31	0.283469	1.00000	1	848
chr10	105196864	T	Y	44	C	33	4	4	T	34	2	2	6	0.633333	1.00000	1	1572
chr10	105205006	A	R	49	G	34	4	4	A	33	2	2	6	0.266667	1.00000	1	3236
chr10	105208242	A	R	38	G	32	2	2	A	20	2	2	5	0.166667	1.00000	1	107
chr10	105208349	T	Y	99	C	32	12	12	T	24	11	11	23	0.189670	1.00000	1	107
chr10	105339806	G	R	34	G	34	2	2	A	34	2	2	4	0.666667	1.00000	1	12000
chr10	105351806	T	K	99	G	30	11	11	T	30	9	9	20	0.750000	1.00000	1	288
chr10	105352094	G	R	99	G	32	15	15	A	27	16	16	31	0.326961	1.00000	1	105
chr10	105352199	T	Y	99	T	28	45	45	C	30	31	31	76	0.478926	1.00000	1	105
chr10	105647306	G	C	87	C	32	35	35	A	10	1	1	36	1.00000	1.00000	1	47
chr10	105647353	C	S	99	C	32	22	22	G	30	17	17	39	0.246075	1.00000	1	47
chr10	105648578	G	S	80	G	32	12	12	C	34	4	4	16	0.223077	1.00000	1	1225
chr10	105649816	T	C	84	C	33	36	36	T	0	0	0	36	1.00000	1.00000	1	1238
chr10	105752581	G	R	99	G	33	15	15	A	33	12	12	27	0.726140	1.00000	1	2644
chr10	105755735	A	R	99	A	33	9	9	G	30	9	9	18	0.715827	1.00000	1	510
chr10	105782067	A	R	99	A	30	11	11	G	32	6	6	17	0.403765	1.00000	1	148
chr10	105786389	G	S	60	C	32	5	5	G	34	2	2	7	0.285714	1.00000	1	339
chr10	105786728	A	C	47	C	33	7	7	A	0	0	0	7	1.00000	1.00000	1	81
chr10	105786809	A	G	46	G	24	11	11	A	0	0	0	11	1.00000	1.00000	1	81
chr10	105787368	G	R	39	G	34	2	2	A	28	2	2	4	0.166667	1.00000	1	559
chr10	105788862	T	Y	50	T	33	5	5	C	34	2	2	7	0.428571	1.00000	1	344
chr10	105789206	G	K	99	G	31	22	22	T	33	15	15	37	0.317841	1.00000	1	344
chr10	105795487	C	Y	97	C	33	5	5	T	33	4	4	9	0.365079	1.00000	1	61
chr10	105800390	T	C	83	C	31	43	43	T	0	0	0	43	1.00000	1.00000	1	4804
chr10	105805194	A	T	21	T	26	4	4	A	0	0	0	4	1.00000	1.00000	1	4752
chr10	105809946	G	A	78	A	31	53	53	G	0	0	0	53	1.00000	1.00000	1	1180
chr10	105814323	G	A	31	A	30	7	7	G	0	0	0	7	1.00000	1.00000	1	3197
chr10	105881917	G	S	87	C	32	4	4	G	26	4	4	8	0.442857	1.00000	0	67594
chr10	106048768	T	C	34	C	33	4	4	T	0	0	0	4	1.00000	1.00000	1	15915
chr10	106114650	G	K	99	G	33	8	8	T	33	8	8	16	0.479565	1.00000	1	49579
chr10	106665575	C	Y	99	C	29	17	17	T	33	12	12	29	0.422289	1.00000	1	61441
chr10	106727016	T	Y	77	C	33	6	6	T	33	3	3	9	0.595238	1.00000	0	61441
chr10	106897310	A	R	99	G	34	11	11	A	33	11	11	22	0.373829	1.00000	1	120
chr10	106897430	C	Y	99	C	33	24	24	T	32	15	15	39	0.0654030	1.00000	1	120
chr10	106906809	G	R	99	G	33	17	17	A	31	13	13	30	0.750000	1.00000	1	7154
chr10	108370203	G	R	99	G	24	37	37	A	30	26	26	63	0.545952	1.00000	1	58890
chr10	108429093	A	C	33	C	33	8	8	A	0	0	0	8	1.00000	1.00000	1	8733
chr10	108456402	C	T	57	T	29	16	16	C	0	0	0	16	1.00000	1.00000	1	18576
chr10	112256812	G	A	31	A	25	15	15	G	0	0	0	15	1.00000	1.00000	1	1
chr10	112256813	C	T	29	T	24	14	14	C	0	0	0	14	1.00000	1.00000	1	1
chr10	112351860	A	G	66	G	33	37	37	A	0	0	0	37	1.00000	1.00000	1	2215
chr10	112631043	A	R	99	G	33	21	21	A	32	9	9	30	0.104647	1.00000	1	4035
chr10	112635078	G	R	99	G	32	16	16	A	34	12	12	28	0.641896	1.00000	1	4035
chr10	112714563	C	Y	99	C	33	31	31	T	32	22	22	53	0.467917	1.00000	1	46766
chr10	112761329	A	W	90	T	34	4	4	A	34	3	3	7	0.571429	1.00000	1	46766
chr10	113903212	T	Y	32	C	34	4	4	T	25	3	3	7	0.314286	1.00000	1	3863
chr10	113907075	T	W	99	A	29	26	26	T	31	24	24	50	0.404947	1.00000	1	897
chr10	113910455	G	R	99	G	33	16	16	A	30	16	16	32	0.688012	1.00000	1	889
chr10	113913585	C	S	99	C	33	7	7	G	33	5	5	12	0.438131	1.00000	1	2241
chr10	113925369	T	Y	50	T	23	3	3	C	33	2	2	5	0.700000	1.00000	1	4950
chr10	113930319	T	Y	99	C	33	7	7	T	33	6	6	13	0.472611	1.00000	1	4950
chr10	114043536	C	G	79	G	32	33	33	C	0	0	0	33	1.00000	1.00000	1	5796
chr10	114159180	C	A	59	A	32	21	21	C	0	0	0	21	1.00000	1.00000	1	12493
chr10	114171673	A	G	88	G	33	35	35	A	0	0	0	35	1.00000	1.00000	1	4941
chr10	114176614	G	A	64	A	31	16	16	G	0	0	0	16	1.00000	1.00000	1	4941
chr10	114182275	G	A	61	A	33	31	31	G	0	0	0	31	1.00000	1.00000	1	5661
chr10	114190345	G	A	58	A	29	23	23	G	0	0	0	23	1.00000	1.00000	1	8070
chr10	115302801	T	Y	99	T	34	4	4	C	34	4	4	8	0.557143	1.00000	1	14382
chr10	115317183	A	R	59	G	34	3	3	A	34	3	3	6	0.750000	1.00000	1	6931
chr10	115324114	C	Y	99	T	30	12	12	C	32	11	11	23	0.0947933	1.00000	1	6931
chr10	115331743	G	A	54	A	32	18	18	G	0	0	0	18	1.00000	1.00000	1	6971
chr10	115340587	G	R	99	G	27	17	17	A	33	13	13	30	0.500000	1.00000	1	1870
chr10	115345318	A	R	56	A	32	12	12	G	32	4	4	16	0.738187	1.00000	1	4731
chr10	115360244	A	G	40	G	29	12	12	A	0	0	0	12	1.00000	1.00000	1	20
chr10	115360264	T	C	44	C	31	13	13	T	0	0	0	13	1.00000	1.00000	1	20
chr10	115363841	T	C	76	C	33	21	21	T	0	0	0	21	1.00000	1.00000	1	819
chr10	115364660	A	R	99	G	33	21	21	A	33	20	20	41	0.721796	1.00000	1	819
chr10	115365518	C	M	99	A	31	12	12	C	32	6	6	18	0.410041	1.00000	1	858
chr10	115371737	G	R	99	G	31	26	26	A	32	21	21	47	0.316652	1.00000	1	6219
chr10	115382909	T	W	99	A	33	17	17	T	31	10	10	27	0.500540	1.00000	1	1010
chr10	115383919	G	R	99	A	30	13	13	G	31	12	12	25	0.682085	1.00000	1	1010
chr10	115391071	T	Y	64	C	33	3	3	T	32	3	3	6	0.500000	1.00000	1	4534
chr10	115395605	T	Y	66	C	34	12	12	T	33	5	5	17	0.117162	1.00000	1	49
chr10	115395654	C	Y	78	T	33	10	10	C	32	5	5	15	0.628372	1.00000	1	49
chr10	115399830	C	Y	99	C	28	29	29	T	32	24	24	53	0.650250	1.00000	1	394
chr10	115400224	T	Y	68	C	32	6	6	T	33	3	3	9	0.452381	1.00000	1	394
chr10	115401588	C	M	99	C	32	15	15	A	33	12	12	27	0.707274	1.00000	1	16
chr10	115401604	A	G	76	G	33	27	27	A	0	0	0	27	1.00000	1.00000	1	16
chr10	115402676	G	A	59	A	32	22	22	G	0	0	0	22	1.00000	1.00000	1	107
chr10	115402783	A	R	91	G	33	8	8	A	33	4	4	12	0.570707	1.00000	1	107
chr10	115403891	T	Y	99	T	30	25	25	C	33	23	23	48	0.682027	1.00000	1	1108
chr10	115407279	G	A	61	A	30	16	16	G	0	0	0	16	1.00000	1.00000	1	3388
chr10	115412464	A	R	99	A	30	20	20	G	33	13	13	33	0.613882	1.00000	1	620
chr10	115413084	G	S	49	G	34	2	2	C	33	2	2	4	0.333333	1.00000	1	620
chr10	115441771	C	Y	99	C	25	19	19	T	30	13	13	32	0.606477	1.00000	1	28687
chr10	115505110	G	R	75	G	34	3	3	A	34	3	3	6	0.750000	1.00000	1	11057
chr10	115516167	A	R	99	G	33	14	14	A	34	10	10	24	0.0770404	1.00000	1	9288
chr10	115525455	T	Y	96	T	34	9	9	C	34	5	5	14	0.181818	1.00000	1	9288
chr10	115599905	C	S	99	C	32	38	38	G	32	28	28	66	0.380223	1.00000	1	8331
chr10	115634030	G	R	99	G	33	14	14	A	31	11	11	25	0.0916196	1.00000	1	25794
chr10	115795046	G	C	22	C	26	4	4	G	0	0	0	4	1.00000	1.00000	1	99129
chr10	115900918	G	T	54	T	34	20	20	G	0	0	0	20	1.00000	1.00000	1	6743
chr10	115912482	C	T	33	T	33	14	14	C	0	0	0	14	1.00000	1.00000	1	282
chr10	115912764	G	A	44	A	33	20	20	G	0	0	0	20	1.00000	1.00000	1	282
chr10	115953803	C	T	20	T	32	8	8	C	0	0	0	8	1.00000	1.00000	1	9227
chr10	115970314	T	C	32	C	33	12	12	T	0	0	0	12	1.00000	1.00000	1	5460
chr10	115975774	C	T	58	T	32	25	25	C	0	0	0	25	1.00000	1.00000	1	5451
chr10	115998487	G	A	38	A	30	15	15	G	0	0	0	15	1.00000	1.00000	1	12477
chr10	116010964	C	G	54	G	30	36	36	C	0	0	0	36	1.00000	1.00000	0	12477
chr10	116047102	C	Y	61	C	32	13	13	T	28	6	6	19	0.0530370	1.00000	0	1821
chr10	116048923	G	A	68	A	32	16	16	G	0	0	0	16	1.00000	1.00000	1	1454
chr10	116050377	T	C	73	C	31	35	35	T	0	0	0	35	1.00000	1.00000	1	1454
chr10	116058166	A	G	47	G	24	31	31	A	0	0	0	31	1.00000	1.00000	1	5520
chr10	116063686	C	T	21	T	27	28	28	C	34	1	1	29	1.00000	1.00000	1	1532
chr10	116090310	T	G	68	G	29	25	25	T	0	0	0	25	1.00000	1.00000	1	8765
chr10	116297330	C	S	68	G	34	3	3	C	34	2	2	5	0.600000	1.00000	1	164
chr10	116297494	A	G	31	G	34	7	7	A	0	0	0	7	1.00000	1.00000	1	164
chr10	116325236	G	R	25	G	29	19	19	A	23	3	3	23	0.165693	1.00000	1	27742
chr10	116583165	C	T	78	T	33	43	43	C	0	0	0	43	1.00000	1.00000	1	11928
chr10	116605035	T	C	49	C	33	23	23	T	0	0	0	23	1.00000	1.00000	1	6109
chr10	116611144	C	A	57	A	34	24	24	C	0	0	0	24	1.00000	1.00000	1	6109
chr10	116879262	A	R	99	G	32	17	17	A	27	16	16	33	0.534092	1.00000	0	169729
chr10	117065165	G	R	99	G	32	19	19	A	29	16	16	35	0.689032	1.00000	1	83
chr10	117216703	T	Y	99	T	33	9	9	C	32	8	8	17	0.668244	1.00000	1	2081
chr10	117218784	A	R	99	G	31	12	12	A	33	7	7	19	0.295904	1.00000	1	2081
chr10	117846135	C	Y	99	T	30	7	7	C	33	4	4	11	0.157576	1.00000	1	6792
chr10	117874940	G	A	43	A	30	13	13	G	0	0	0	13	1.00000	1.00000	1	28805
chr10	118221350	G	A	71	A	29	36	36	G	2	1	1	37	1.00000	1.00000	1	3
chr10	118221353	A	G	79	G	31	33	33	A	0	0	0	33	1.00000	1.00000	1	3
chr10	118221396	A	C	36	C	32	17	17	A	0	0	0	17	1.00000	1.00000	1	43
chr10	118303255	T	C	50	C	30	15	15	T	0	0	0	15	1.00000	1.00000	1	44225
chr10	118347480	C	T	99	T	33	57	57	C	0	0	0	57	1.00000	1.00000	1	2058
chr10	118349538	T	C	84	C	28	29	29	T	0	0	0	29	1.00000	1.00000	1	2058
chr10	118353632	T	Y	99	C	33	10	10	T	32	8	8	18	0.204123	1.00000	1	1176
chr10	118354808	G	K	99	G	34	8	8	T	34	6	6	14	0.525142	1.00000	1	24
chr10	118354832	A	R	99	G	33	15	15	A	33	14	14	29	0.440239	1.00000	1	24
chr10	118636119	G	C	48	C	33	14	14	G	0	0	0	14	1.00000	1.00000	1	277636
chr10	119004013	C	T	34	T	31	8	8	C	0	0	0	8	1.00000	1.00000	1	906
chr10	119016391	T	C	76	C	34	19	19	T	0	0	0	19	1.00000	1.00000	1	165
chr10	119016556	T	C	84	C	33	31	31	T	0	0	0	31	1.00000	1.00000	1	165
chr10	119017113	C	A	40	A	33	10	10	C	0	0	0	10	1.00000	1.00000	1	557
chr10	119019505	C	Y	99	C	33	9	9	T	33	8	8	17	0.518717	1.00000	1	229
chr10	119019734	G	A	72	A	33	58	58	G	2	1	1	59	1.00000	1.00000	1	229
